1.4375 -0.75 
1.5 -0.75 
1.5 -0.666666666666666629659233 
1.4375 -0.75 

0.75 0 
0.75 -0.75 
1.22916666666666651863693 -0.75 
1.22916666666666651863693 0 
0.75 0 

1.5 -0.666666666666666629659233 
1.5 -0.75 
2 -0.75 
2 0 
1.5 -0.666666666666666629659233 

1.5 -1.41666666666666651863693 
2 -0.75 
1.5 -0.75 
1.5 -1.41666666666666651863693 

2 0 

0.75 -1.95833333333333325931847 
1.4375 -1.5 
0.75 -1.5 
0.75 -1.95833333333333325931847 

0 0 
0 -0.75 
0.75 -0.75 
0.75 0 
0 0 

0.75 -0.75 
0.75 -1.38888888888888883954564 
1.22916666666666651863693 -0.75 
0.75 -0.75 

0.75 -1.25 
0.75 -1.5 
1.4375 -1.5 
1.5 -1.41666666666666651863693 
1.5 -0.75 
0.75 -1.25 

0.75 -1.20833333333333325931847 
0.75 -1.5 
0.9375 -1.5 
1.5 -0.75 
1.4375 -0.75 
0.75 -1.20833333333333325931847 

0 -1.94444444444444441977282 
0.666666666666666629659233 -1.5 
0 -1.5 
0 -1.94444444444444441977282 

0 -1.63888888888888883954564 
0 -2 
0.75 -1.5 
0.3125 -1.5 
0 -1.63888888888888883954564 

0 -1.83333333333333325931847 
0 -2.25 
0.3125 -2.25 
0.75 -1.95833333333333325931847 
0.75 -1.5 
0 -1.83333333333333325931847 

0 -2.38888888888888883954564 
0.3125 -2.25 
0 -2.25 
0 -2.38888888888888883954564 

0.3125 -1.5 
0.75 -1.5 
0.75 -1.20833333333333325931847 
0.3125 -1.5 

0 -1.5 
0.1875 -1.5 
0.75 -0.75 
0 -0.75 
0 -1.5 

0 -1.25 
0 -1.5 
0.666666666666666629659233 -1.5 
0.75 -1.38888888888888883954564 
0.75 -0.75 
0 -1.25 

0 0.75 
0.333333333333333314829616 0.75 
0 0.972222222222222209886411 
0 0.75 

0 0.819444444444444419772822 
0.0520833333333333287074041 0.75 
0.375 0.75 
0 1 
0 0.819444444444444419772822 

0 0.916666666666666629659233 
0.125 0.75 
0.5625 0.75 
0 1.125 
0 0.916666666666666629659233 

0 1.125 
0.28125 0.75 
0.666666666666666629659233 0.75 
0 1.19444444444444441977282 
0 1.125 

0.28125 0.75 
0.28125 0 
0.75 0 
0.75 0.638888888888888839545643 
0.666666666666666629659233 0.75 
0.28125 0.75 

0.125 0.75 
0.125 0 
0.75 0 
0.75 0.5 
0.5625 0.75 
0.125 0.75 

0.0520833333333333287074041 0 
0.75 0 
0.75 0.25 
0.375 0.75 
0.0520833333333333287074041 0.75 
0.0520833333333333287074041 0 

0 0.75 
0 0 
0.75 0 
0.75 0.194444444444444419772822 
0.333333333333333314829616 0.75 
0 0.75 

0.75 0 
1.22916666666666651863693 0 
0.75 0.638888888888888839545643 
0.75 0 

