0 0 

14.4565624999999986499688 9.90999999999999836575171 
14.4565624999999986499688 5.10574861251261324923689 
22.5787499999999994315658 7.974331483350151295042 
22.5787499999999994315658 9.90999999999999836575171 
14.4565624999999986499688 9.90999999999999836575171 

0 9.90999999999999836575171 
0 0 
6.33437499999999964472863 2.237165741675075647521 
6.33437499999999964472863 9.90999999999999836575171 
0 9.90999999999999836575171 

46.9453125 19.8199999999999967315034 
46.9453125 14.2128743062563049903702 
55.0674999999999954525265 15.6471657416750744573619 
55.0674999999999954525265 19.8199999999999967315034 
46.9453125 19.8199999999999967315034 

50.6382071428571407523123 19.8199999999999967315034 
46.9453125 18.5157486125126133913454 
46.9453125 13.2450400479313810109261 
55.0674999999999954525265 14.6793314833501504779179 
55.0674999999999954525265 19.8199999999999967315034 
50.6382071428571407523123 19.8199999999999967315034 

14.4565624999999986499688 15.0157486125126133913454 
14.4565624999999986499688 11.3442914354187678327435 
22.5787499999999994315658 12.7785828708375372997352 
22.5787499999999994315658 17.8843314833501487726153 
14.4565624999999986499688 15.0157486125126133913454 

14.4565624999999986499688 9.90999999999999836575171 
22.5787499999999994315658 9.90999999999999836575171 
22.5787499999999994315658 12.7785828708375372997352 
14.4565624999999986499688 9.90999999999999836575171 

14.4565624999999986499688 12.7785828708375372997352 
14.4565624999999986499688 9.90999999999999836575171 
22.5787499999999994315658 11.3442914354187678327435 
22.5787499999999994315658 15.6471657416750744573619 
14.4565624999999986499688 12.7785828708375372997352 

0 9.90999999999999836575171 
6.33437499999999964472863 9.90999999999999836575171 
6.33437499999999964472863 12.1471657416750744573619 
0 9.90999999999999836575171 

6.33437499999999964472863 9.90999999999999836575171 
14.4565624999999986499688 9.90999999999999836575171 
14.4565624999999986499688 12.7785828708375372997352 
6.33437499999999964472863 9.90999999999999836575171 

6.33437499999999964472863 12.1471657416750744573619 
6.33437499999999964472863 9.90999999999999836575171 
14.4565624999999986499688 11.3442914354187678327435 
14.4565624999999986499688 15.0157486125126133913454 
6.33437499999999964472863 12.1471657416750744573619 

6.33437499999999964472863 9.90999999999999836575171 
6.33437499999999964472863 2.237165741675075647521 
14.4565624999999986499688 5.10574861251261324923689 
14.4565624999999986499688 9.90999999999999836575171 
6.33437499999999964472863 9.90999999999999836575171 

22.5787499999999994315658 9.90999999999999836575171 
22.5787499999999994315658 7.974331483350151295042 
28.0594571428571413207465 9.90999999999999836575171 
22.5787499999999994315658 9.90999999999999836575171 

30.700937499999998436806 19.8199999999999967315034 
30.700937499999998436806 14.2128743062563049903702 
38.8231249999999974420462 15.6471657416750744573619 
38.8231249999999974420462 19.8199999999999967315034 
30.700937499999998436806 19.8199999999999967315034 

34.3938321428571427418319 19.8199999999999967315034 
30.700937499999998436806 18.5157486125126133913454 
30.700937499999998436806 12.7785828708375372997352 
38.8231249999999974420462 14.2128743062563049903702 
38.8231249999999974420462 19.8199999999999967315034 
34.3938321428571427418319 19.8199999999999967315034 

30.700937499999998436806 15.6471657416750744573619 
30.700937499999998436806 11.3442914354187678327435 
38.8231249999999974420462 12.7785828708375372997352 
38.8231249999999974420462 18.5157486125126133913454 
30.700937499999998436806 15.6471657416750744573619 

30.700937499999998436806 12.7785828708375372997352 
30.700937499999998436806 10.3764571770938438532994 
38.8231249999999974420462 11.8107486125126133202912 
38.8231249999999974420462 15.6471657416750744573619 
30.700937499999998436806 12.7785828708375372997352 

28.0594571428571413207465 19.8199999999999967315034 
22.5787499999999994315658 17.8843314833501487726153 
22.5787499999999994315658 12.7785828708375372997352 
30.700937499999998436806 14.2128743062563049903702 
30.700937499999998436806 19.8199999999999967315034 
28.0594571428571413207465 19.8199999999999967315034 

22.5787499999999994315658 15.6471657416750744573619 
22.5787499999999994315658 11.3442914354187678327435 
30.700937499999998436806 12.7785828708375372997352 
30.700937499999998436806 18.5157486125126133913454 
22.5787499999999994315658 15.6471657416750744573619 

22.5787499999999994315658 9.90999999999999836575171 
28.0594571428571413207465 9.90999999999999836575171 
30.700937499999998436806 10.3764571770938438532994 
30.700937499999998436806 12.7785828708375372997352 
22.5787499999999994315658 9.90999999999999836575171 

22.5787499999999994315658 12.7785828708375372997352 
22.5787499999999994315658 9.90999999999999836575171 
30.700937499999998436806 11.3442914354187678327435 
30.700937499999998436806 15.6471657416750744573619 
22.5787499999999994315658 12.7785828708375372997352 

111.922812499999992041921 29.729999999999996873612 
111.922812499999992041921 25.5571657416750745994705 
120.044999999999987494448 26.5133600319542530598937 
120.044999999999987494448 29.729999999999996873612 
111.922812499999992041921 29.729999999999996873612 

119.308601785714273546546 29.729999999999996873612 
111.922812499999992041921 28.4257486125126099807403 
111.922812499999992041921 24.6009714513958961390472 
120.044999999999987494448 25.5571657416750745994705 
120.044999999999987494448 29.729999999999996873612 
119.308601785714273546546 29.729999999999996873612 

111.922812499999992041921 26.9914571770938422901054 
111.922812499999992041921 23.6447771611167141259102 
120.044999999999987494448 24.6009714513958961390472 
120.044999999999987494448 28.4257486125126099807403 
111.922812499999992041921 26.9914571770938422901054 

111.922812499999992041921 25.5571657416750745994705 
111.922812499999992041921 23.0862476875210198556942 
120.044999999999987494448 24.0424419778001983161175 
120.044999999999987494448 26.9914571770938422901054 
111.922812499999992041921 25.5571657416750745994705 

46.9453125 23.1550400479313793766778 
46.9453125 21.7323885805583572050637 
55.0674999999999954525265 22.6885828708375356654869 
55.0674999999999954525265 24.5893314833501506200264 
46.9453125 23.1550400479313793766778 

46.9453125 22.6885828708375356654869 
46.9453125 20.7761942902791787446404 
55.0674999999999954525265 21.7323885805583572050637 
55.0674999999999954525265 24.1228743062563033561219 
46.9453125 22.6885828708375356654869 

46.9453125 19.8199999999999967315034 
55.0674999999999954525265 19.8199999999999967315034 
55.0674999999999954525265 21.254291435418767974852 
46.9453125 19.8199999999999967315034 

46.9453125 21.254291435418767974852 
46.9453125 19.8199999999999967315034 
55.0674999999999954525265 20.7761942902791787446404 
55.0674999999999954525265 22.6885828708375356654869 
46.9453125 21.254291435418767974852 

30.700937499999998436806 19.8199999999999967315034 
38.8231249999999974420462 19.8199999999999967315034 
38.8231249999999974420462 21.254291435418767974852 
30.700937499999998436806 19.8199999999999967315034 

30.700937499999998436806 20.286457177093843995408 
30.700937499999998436806 19.8199999999999967315034 
38.8231249999999974420462 20.7761942902791787446404 
38.8231249999999974420462 21.7207486125126116860429 
30.700937499999998436806 20.286457177093843995408 

28.0594571428571413207465 19.8199999999999967315034 
30.700937499999998436806 19.8199999999999967315034 
30.700937499999998436806 20.286457177093843995408 
28.0594571428571413207465 19.8199999999999967315034 

38.8231249999999974420462 19.8199999999999967315034 
38.8231249999999974420462 14.2128743062563049903702 
46.9453125 15.6471657416750744573619 
46.9453125 19.8199999999999967315034 
38.8231249999999974420462 19.8199999999999967315034 

42.5160196428571381943584 19.8199999999999967315034 
38.8231249999999974420462 18.5157486125126133913454 
38.8231249999999974420462 12.7785828708375372997352 
46.9453125 14.2128743062563049903702 
46.9453125 19.8199999999999967315034 
42.5160196428571381943584 19.8199999999999967315034 

38.8231249999999974420462 15.6471657416750744573619 
38.8231249999999974420462 11.8107486125126133202912 
46.9453125 13.2450400479313810109261 
46.9453125 18.5157486125126133913454 
38.8231249999999974420462 15.6471657416750744573619 

38.8231249999999974420462 21.7207486125126116860429 
38.8231249999999974420462 20.7761942902791787446404 
46.9453125 21.7323885805583572050637 
46.9453125 23.1550400479313793766778 
38.8231249999999974420462 21.7207486125126116860429 

38.8231249999999974420462 19.8199999999999967315034 
46.9453125 19.8199999999999967315034 
46.9453125 21.254291435418767974852 
38.8231249999999974420462 19.8199999999999967315034 

38.8231249999999974420462 21.254291435418767974852 
38.8231249999999974420462 19.8199999999999967315034 
46.9453125 20.7761942902791787446404 
46.9453125 22.6885828708375356654869 
38.8231249999999974420462 21.254291435418767974852 

79.4340624999999960209607 19.8199999999999967315034 
79.4340624999999960209607 18.9822057896064571025363 
84.1783714285714239622394 19.8199999999999967315034 
79.4340624999999960209607 19.8199999999999967315034 

63.1896874999999980104803 19.8199999999999967315034 
63.1896874999999980104803 16.1136229187689181685528 
71.3118749999999863575795 17.5479143541876858591877 
71.3118749999999863575795 19.8199999999999967315034 
63.1896874999999980104803 19.8199999999999967315034 

55.0674999999999954525265 19.8199999999999967315034 
55.0674999999999954525265 14.6793314833501504779179 
63.1896874999999980104803 16.1136229187689181685528 
63.1896874999999980104803 19.8199999999999967315034 
55.0674999999999954525265 19.8199999999999967315034 

84.1783714285714239622394 29.729999999999996873612 
79.4340624999999960209607 28.8922057896064572446448 
79.4340624999999960209607 25.5571657416750745994705 
87.5562499999999914734872 26.5133600319542530598937 
87.5562499999999914734872 29.729999999999996873612 
84.1783714285714239622394 29.729999999999996873612 

86.8198517857142775255852 29.729999999999996873612 
79.4340624999999960209607 28.4257486125126099807403 
79.4340624999999960209607 24.6009714513958961390472 
87.5562499999999914734872 25.5571657416750745994705 
87.5562499999999914734872 29.729999999999996873612 
86.8198517857142775255852 29.729999999999996873612 

79.4340624999999960209607 26.9914571770938422901054 
79.4340624999999960209607 23.6447771611167141259102 
87.5562499999999914734872 24.6009714513958961390472 
87.5562499999999914734872 28.4257486125126099807403 
79.4340624999999960209607 26.9914571770938422901054 

79.4340624999999960209607 25.5571657416750745994705 
79.4340624999999960209607 22.6885828708375356654869 
87.5562499999999914734872 23.6447771611167141259102 
87.5562499999999914734872 26.9914571770938422901054 
79.4340624999999960209607 25.5571657416750745994705 

79.4340624999999960209607 24.1228743062563033561219 
79.4340624999999960209607 21.7323885805583572050637 
87.5562499999999914734872 22.6885828708375356654869 
87.5562499999999914734872 25.5571657416750745994705 
79.4340624999999960209607 24.1228743062563033561219 

79.4340624999999960209607 22.6885828708375356654869 
79.4340624999999960209607 20.7761942902791787446404 
87.5562499999999914734872 21.7323885805583572050637 
87.5562499999999914734872 24.1228743062563033561219 
79.4340624999999960209607 22.6885828708375356654869 

79.4340624999999960209607 19.8199999999999967315034 
84.1783714285714239622394 19.8199999999999967315034 
87.5562499999999914734872 20.2176648166834844744244 
87.5562499999999914734872 21.254291435418767974852 
79.4340624999999960209607 19.8199999999999967315034 

79.4340624999999960209607 21.254291435418767974852 
79.4340624999999960209607 19.8199999999999967315034 
87.5562499999999914734872 20.7761942902791787446404 
87.5562499999999914734872 22.6885828708375356654869 
79.4340624999999960209607 21.254291435418767974852 

63.1896874999999980104803 26.0236229187689183106613 
63.1896874999999980104803 23.6447771611167141259102 
71.3118749999999863575795 24.6009714513958961390472 
71.3118749999999863575795 27.4579143541876860012962 
63.1896874999999980104803 26.0236229187689183106613 

63.1896874999999980104803 25.5571657416750745994705 
63.1896874999999980104803 22.6885828708375356654869 
71.3118749999999863575795 23.6447771611167141259102 
71.3118749999999863575795 26.9914571770938422901054 
63.1896874999999980104803 25.5571657416750745994705 

63.1896874999999980104803 24.1228743062563033561219 
63.1896874999999980104803 21.7323885805583572050637 
71.3118749999999863575795 22.6885828708375356654869 
71.3118749999999863575795 25.5571657416750745994705 
63.1896874999999980104803 24.1228743062563033561219 

63.1896874999999980104803 22.6885828708375356654869 
63.1896874999999980104803 20.7761942902791787446404 
71.3118749999999863575795 21.7323885805583572050637 
71.3118749999999863575795 24.1228743062563033561219 
63.1896874999999980104803 22.6885828708375356654869 

63.1896874999999980104803 19.8199999999999967315034 
71.3118749999999863575795 19.8199999999999967315034 
71.3118749999999863575795 21.254291435418767974852 
63.1896874999999980104803 19.8199999999999967315034 

63.1896874999999980104803 21.254291435418767974852 
63.1896874999999980104803 19.8199999999999967315034 
71.3118749999999863575795 20.7761942902791787446404 
71.3118749999999863575795 22.6885828708375356654869 
63.1896874999999980104803 21.254291435418767974852 

55.0674999999999954525265 24.5893314833501506200264 
55.0674999999999954525265 22.6885828708375356654869 
63.1896874999999980104803 23.6447771611167141259102 
63.1896874999999980104803 26.0236229187689183106613 
55.0674999999999954525265 24.5893314833501506200264 

55.0674999999999954525265 24.1228743062563033561219 
55.0674999999999954525265 21.7323885805583572050637 
63.1896874999999980104803 22.6885828708375356654869 
63.1896874999999980104803 25.5571657416750745994705 
55.0674999999999954525265 24.1228743062563033561219 

55.0674999999999954525265 22.6885828708375356654869 
55.0674999999999954525265 20.7761942902791787446404 
63.1896874999999980104803 21.7323885805583572050637 
63.1896874999999980104803 24.1228743062563033561219 
55.0674999999999954525265 22.6885828708375356654869 

55.0674999999999954525265 19.8199999999999967315034 
63.1896874999999980104803 19.8199999999999967315034 
63.1896874999999980104803 21.254291435418767974852 
55.0674999999999954525265 19.8199999999999967315034 

55.0674999999999954525265 21.254291435418767974852 
55.0674999999999954525265 19.8199999999999967315034 
63.1896874999999980104803 20.7761942902791787446404 
63.1896874999999980104803 22.6885828708375356654869 
55.0674999999999954525265 21.254291435418767974852 

71.3118749999999863575795 19.8199999999999967315034 
71.3118749999999863575795 17.5479143541876858591877 
79.4340624999999960209607 18.9822057896064571025363 
79.4340624999999960209607 19.8199999999999967315034 
71.3118749999999863575795 19.8199999999999967315034 

71.3118749999999863575795 27.4579143541876860012962 
71.3118749999999863575795 24.6009714513958961390472 
79.4340624999999960209607 25.5571657416750745994705 
79.4340624999999960209607 28.8922057896064572446448 
71.3118749999999863575795 27.4579143541876860012962 

71.3118749999999863575795 26.9914571770938422901054 
71.3118749999999863575795 23.6447771611167141259102 
79.4340624999999960209607 24.6009714513958961390472 
79.4340624999999960209607 28.4257486125126099807403 
71.3118749999999863575795 26.9914571770938422901054 

71.3118749999999863575795 25.5571657416750745994705 
71.3118749999999863575795 22.6885828708375356654869 
79.4340624999999960209607 23.6447771611167141259102 
79.4340624999999960209607 26.9914571770938422901054 
71.3118749999999863575795 25.5571657416750745994705 

71.3118749999999863575795 24.1228743062563033561219 
71.3118749999999863575795 21.7323885805583572050637 
79.4340624999999960209607 22.6885828708375356654869 
79.4340624999999960209607 25.5571657416750745994705 
71.3118749999999863575795 24.1228743062563033561219 

71.3118749999999863575795 22.6885828708375356654869 
71.3118749999999863575795 20.7761942902791787446404 
79.4340624999999960209607 21.7323885805583572050637 
79.4340624999999960209607 24.1228743062563033561219 
71.3118749999999863575795 22.6885828708375356654869 

71.3118749999999863575795 19.8199999999999967315034 
79.4340624999999960209607 19.8199999999999967315034 
79.4340624999999960209607 21.254291435418767974852 
71.3118749999999863575795 19.8199999999999967315034 

71.3118749999999863575795 21.254291435418767974852 
71.3118749999999863575795 19.8199999999999967315034 
79.4340624999999960209607 20.7761942902791787446404 
79.4340624999999960209607 22.6885828708375356654869 
71.3118749999999863575795 21.254291435418767974852 

95.6784374999999869260137 29.729999999999996873612 
95.6784374999999869260137 25.5571657416750745994705 
103.800624999999996589395 26.5133600319542530598937 
103.800624999999996589395 29.729999999999996873612 
95.6784374999999869260137 29.729999999999996873612 

103.064226785714282641493 29.729999999999996873612 
95.6784374999999869260137 28.4257486125126099807403 
95.6784374999999869260137 24.6009714513958961390472 
103.800624999999996589395 25.5571657416750745994705 
103.800624999999996589395 29.729999999999996873612 
103.064226785714282641493 29.729999999999996873612 

95.6784374999999869260137 26.9914571770938422901054 
95.6784374999999869260137 23.6447771611167141259102 
103.800624999999996589395 24.6009714513958961390472 
103.800624999999996589395 28.4257486125126099807403 
95.6784374999999869260137 26.9914571770938422901054 

95.6784374999999869260137 25.5571657416750745994705 
95.6784374999999869260137 22.6885828708375356654869 
103.800624999999996589395 23.6447771611167141259102 
103.800624999999996589395 26.9914571770938422901054 
95.6784374999999869260137 25.5571657416750745994705 

95.6784374999999869260137 24.1228743062563033561219 
95.6784374999999869260137 21.7323885805583572050637 
103.800624999999996589395 22.6885828708375356654869 
103.800624999999996589395 25.5571657416750745994705 
95.6784374999999869260137 24.1228743062563033561219 

95.6784374999999869260137 22.6885828708375356654869 
95.6784374999999869260137 21.1738591069626629348477 
103.800624999999996589395 22.130053397241841395271 
103.800624999999996589395 24.1228743062563033561219 
95.6784374999999869260137 22.6885828708375356654869 

87.5562499999999914734872 29.729999999999996873612 
87.5562499999999914734872 25.5571657416750745994705 
95.6784374999999869260137 26.5133600319542530598937 
95.6784374999999869260137 29.729999999999996873612 
87.5562499999999914734872 29.729999999999996873612 

94.9420392857142729781117 29.729999999999996873612 
87.5562499999999914734872 28.4257486125126099807403 
87.5562499999999914734872 24.6009714513958961390472 
95.6784374999999869260137 25.5571657416750745994705 
95.6784374999999869260137 29.729999999999996873612 
94.9420392857142729781117 29.729999999999996873612 

87.5562499999999914734872 26.9914571770938422901054 
87.5562499999999914734872 23.6447771611167141259102 
95.6784374999999869260137 24.6009714513958961390472 
95.6784374999999869260137 28.4257486125126099807403 
87.5562499999999914734872 26.9914571770938422901054 

87.5562499999999914734872 25.5571657416750745994705 
87.5562499999999914734872 22.6885828708375356654869 
95.6784374999999869260137 23.6447771611167141259102 
95.6784374999999869260137 26.9914571770938422901054 
87.5562499999999914734872 25.5571657416750745994705 

87.5562499999999914734872 24.1228743062563033561219 
87.5562499999999914734872 21.7323885805583572050637 
95.6784374999999869260137 22.6885828708375356654869 
95.6784374999999869260137 25.5571657416750745994705 
87.5562499999999914734872 24.1228743062563033561219 

87.5562499999999914734872 22.6885828708375356654869 
87.5562499999999914734872 20.7761942902791787446404 
95.6784374999999869260137 21.7323885805583572050637 
95.6784374999999869260137 24.1228743062563033561219 
87.5562499999999914734872 22.6885828708375356654869 

87.5562499999999914734872 21.254291435418767974852 
87.5562499999999914734872 20.2176648166834844744244 
95.6784374999999869260137 21.1738591069626629348477 
95.6784374999999869260137 22.6885828708375356654869 
87.5562499999999914734872 21.254291435418767974852 

241.877812499999976125764 39.6399999999999934630068 
241.877812499999976125764 36.9014571770938388795003 
250 37.6186028948032245011746 
250 39.6399999999999934630068 
241.877812499999976125764 39.6399999999999934630068 

244.834308928571402930174 39.6399999999999934630068 
241.877812499999976125764 39.2919429027917885832721 
241.877812499999976125764 36.2215172489909136288588 
250 36.9386629667002992505331 
250 39.6399999999999934630068 
244.834308928571402930174 39.6399999999999934630068 

111.922812499999992041921 32.9962476875210199978028 
111.922812499999992041921 31.8814371531281501859212 
120.044999999999987494448 32.5985828708375322548818 
120.044999999999987494448 33.9524419778001984582261 
111.922812499999992041921 32.9962476875210199978028 

111.922812499999992041921 32.5985828708375322548818 
111.922812499999992041921 31.1642914354187681169606 
120.044999999999987494448 31.8814371531281501859212 
120.044999999999987494448 33.5547771611167107153051 
111.922812499999992041921 32.5985828708375322548818 

111.922812499999992041921 31.6423885805583573471722 
111.922812499999992041921 30.4471457177093824952863 
120.044999999999987494448 31.1642914354187681169606 
120.044999999999987494448 32.5985828708375322548818 
111.922812499999992041921 31.6423885805583573471722 

111.922812499999992041921 29.729999999999996873612 
120.044999999999987494448 29.729999999999996873612 
120.044999999999987494448 30.6861942902791788867489 
111.922812499999992041921 29.729999999999996873612 

111.922812499999992041921 30.6861942902791788867489 
111.922812499999992041921 29.729999999999996873612 
120.044999999999987494448 30.4471457177093824952863 
120.044999999999987494448 31.6423885805583573471722 
111.922812499999992041921 30.6861942902791788867489 

84.1783714285714239622394 29.729999999999996873612 
87.5562499999999914734872 29.729999999999996873612 
87.5562499999999914734872 30.127664816683484616533 
84.1783714285714239622394 29.729999999999996873612 

95.6784374999999869260137 31.0838591069626630769562 
95.6784374999999869260137 30.4471457177093824952863 
103.800624999999996589395 31.1642914354187681169606 
103.800624999999996589395 32.0400533972418415373795 
95.6784374999999869260137 31.0838591069626630769562 

95.6784374999999869260137 29.729999999999996873612 
103.800624999999996589395 29.729999999999996873612 
103.800624999999996589395 30.6861942902791788867489 
95.6784374999999869260137 29.729999999999996873612 

95.6784374999999869260137 30.6861942902791788867489 
95.6784374999999869260137 29.729999999999996873612 
103.800624999999996589395 30.4471457177093824952863 
103.800624999999996589395 31.6423885805583573471722 
95.6784374999999869260137 30.6861942902791788867489 

87.5562499999999914734872 29.729999999999996873612 
95.6784374999999869260137 29.729999999999996873612 
95.6784374999999869260137 30.6861942902791788867489 
87.5562499999999914734872 29.729999999999996873612 

87.5562499999999914734872 30.127664816683484616533 
87.5562499999999914734872 29.729999999999996873612 
95.6784374999999869260137 30.4471457177093824952863 
95.6784374999999869260137 31.0838591069626630769562 
87.5562499999999914734872 30.127664816683484616533 

103.800624999999996589395 29.729999999999996873612 
103.800624999999996589395 25.5571657416750745994705 
111.922812499999992041921 26.5133600319542530598937 
111.922812499999992041921 29.729999999999996873612 
103.800624999999996589395 29.729999999999996873612 

111.186414285714278094019 29.729999999999996873612 
103.800624999999996589395 28.4257486125126099807403 
103.800624999999996589395 24.6009714513958961390472 
111.922812499999992041921 25.5571657416750745994705 
111.922812499999992041921 29.729999999999996873612 
111.186414285714278094019 29.729999999999996873612 

103.800624999999996589395 26.9914571770938422901054 
103.800624999999996589395 23.6447771611167141259102 
111.922812499999992041921 24.6009714513958961390472 
111.922812499999992041921 28.4257486125126099807403 
103.800624999999996589395 26.9914571770938422901054 

103.800624999999996589395 25.5571657416750745994705 
103.800624999999996589395 22.6885828708375356654869 
111.922812499999992041921 23.6447771611167141259102 
111.922812499999992041921 26.9914571770938422901054 
103.800624999999996589395 25.5571657416750745994705 

103.800624999999996589395 24.1228743062563033561219 
103.800624999999996589395 22.130053397241841395271 
111.922812499999992041921 23.0862476875210198556942 
111.922812499999992041921 25.5571657416750745994705 
103.800624999999996589395 24.1228743062563033561219 

103.800624999999996589395 32.0400533972418415373795 
103.800624999999996589395 31.1642914354187681169606 
111.922812499999992041921 31.8814371531281501859212 
111.922812499999992041921 32.9962476875210199978028 
103.800624999999996589395 32.0400533972418415373795 

103.800624999999996589395 31.6423885805583573471722 
103.800624999999996589395 30.4471457177093824952863 
111.922812499999992041921 31.1642914354187681169606 
111.922812499999992041921 32.5985828708375322548818 
103.800624999999996589395 31.6423885805583573471722 

103.800624999999996589395 29.729999999999996873612 
111.922812499999992041921 29.729999999999996873612 
111.922812499999992041921 30.6861942902791788867489 
103.800624999999996589395 29.729999999999996873612 

103.800624999999996589395 30.6861942902791788867489 
103.800624999999996589395 29.729999999999996873612 
111.922812499999992041921 30.4471457177093824952863 
111.922812499999992041921 31.6423885805583573471722 
103.800624999999996589395 30.6861942902791788867489 

144.411562499999973852027 29.729999999999996873612 
144.411562499999973852027 26.9110248486377372501011 
152.533749999999997726263 27.8672191389169157105243 
152.533749999999997726263 29.729999999999996873612 
144.411562499999973852027 29.729999999999996873612 

128.167187499999982946974 29.729999999999996873612 
128.167187499999982946974 25.5571657416750745994705 
136.289374999999978399501 26.5133600319542530598937 
136.289374999999978399501 29.729999999999996873612 
128.167187499999982946974 29.729999999999996873612 

135.552976785714264451599 29.729999999999996873612 
128.167187499999982946974 28.4257486125126099807403 
128.167187499999982946974 24.9986362680793803292545 
136.289374999999978399501 25.9548305583585587896778 
136.289374999999978399501 29.729999999999996873612 
135.552976785714264451599 29.729999999999996873612 

120.044999999999987494448 29.729999999999996873612 
120.044999999999987494448 25.5571657416750745994705 
128.167187499999982946974 26.5133600319542530598937 
128.167187499999982946974 29.729999999999996873612 
120.044999999999987494448 29.729999999999996873612 

127.430789285714283209927 29.729999999999996873612 
120.044999999999987494448 28.4257486125126099807403 
120.044999999999987494448 24.6009714513958961390472 
128.167187499999982946974 25.5571657416750745994705 
128.167187499999982946974 29.729999999999996873612 
127.430789285714283209927 29.729999999999996873612 

120.044999999999987494448 26.9914571770938422901054 
120.044999999999987494448 24.0424419778001983161175 
128.167187499999982946974 24.9986362680793803292545 
128.167187499999982946974 28.4257486125126099807403 
120.044999999999987494448 26.9914571770938422901054 

176.900312499999984083843 39.6399999999999934630068 
176.900312499999984083843 36.9014571770938388795003 
185.022499999999979536369 37.6186028948032245011746 
185.022499999999979536369 39.6399999999999934630068 
176.900312499999984083843 39.6399999999999934630068 

179.856808928571410888253 39.6399999999999934630068 
176.900312499999984083843 39.2919429027917885832721 
176.900312499999984083843 36.184311459384453257826 
185.022499999999979536369 36.9014571770938388795003 
185.022499999999979536369 39.6399999999999934630068 
179.856808928571410888253 39.6399999999999934630068 

176.900312499999984083843 38.3357486125126101228489 
176.900312499999984083843 35.467165741675074741579 
185.022499999999979536369 36.184311459384453257826 
185.022499999999979536369 39.2919429027917885832721 
176.900312499999984083843 38.3357486125126101228489 

176.900312499999984083843 37.3795543222334316624256 
176.900312499999984083843 34.7500200239656891199047 
185.022499999999979536369 35.467165741675074741579 
185.022499999999979536369 38.3357486125126101228489 
176.900312499999984083843 37.3795543222334316624256 

176.900312499999984083843 36.4233600319542532020023 
176.900312499999984083843 34.0328743062563034982304 
185.022499999999979536369 34.7500200239656891199047 
185.022499999999979536369 37.3795543222334316624256 
176.900312499999984083843 36.4233600319542532020023 

176.900312499999984083843 35.467165741675074741579 
176.900312499999984083843 33.3157285885469178765561 
185.022499999999979536369 34.0328743062563034982304 
185.022499999999979536369 36.4233600319542532020023 
176.900312499999984083843 35.467165741675074741579 

176.900312499999984083843 34.5109714513958962811557 
176.900312499999984083843 32.5985828708375322548818 
185.022499999999979536369 33.3157285885469178765561 
185.022499999999979536369 35.467165741675074741579 
176.900312499999984083843 34.5109714513958962811557 

176.900312499999984083843 33.5547771611167107153051 
176.900312499999984083843 31.8814371531281501859212 
185.022499999999979536369 32.5985828708375322548818 
185.022499999999979536369 34.5109714513958962811557 
176.900312499999984083843 33.5547771611167107153051 

176.900312499999984083843 32.5985828708375322548818 
176.900312499999984083843 31.1642914354187681169606 
185.022499999999979536369 31.8814371531281501859212 
185.022499999999979536369 33.5547771611167107153051 
176.900312499999984083843 32.5985828708375322548818 

176.900312499999984083843 31.6423885805583573471722 
176.900312499999984083843 30.4843515073158393136055 
185.022499999999979536369 31.2014972250252249352798 
185.022499999999979536369 32.5985828708375322548818 
176.900312499999984083843 31.6423885805583573471722 

144.411562499999973852027 36.8210248486377338394959 
144.411562499999973852027 34.7500200239656891199047 
152.533749999999997726263 35.467165741675074741579 
152.533749999999997726263 37.7772191389169122999192 
144.411562499999973852027 36.8210248486377338394959 

144.411562499999973852027 36.4233600319542532020023 
144.411562499999973852027 34.0328743062563034982304 
152.533749999999997726263 34.7500200239656891199047 
152.533749999999997726263 37.3795543222334316624256 
144.411562499999973852027 36.4233600319542532020023 

144.411562499999973852027 35.467165741675074741579 
144.411562499999973852027 33.3157285885469178765561 
152.533749999999997726263 34.0328743062563034982304 
152.533749999999997726263 36.4233600319542532020023 
144.411562499999973852027 35.467165741675074741579 

144.411562499999973852027 34.5109714513958962811557 
144.411562499999973852027 32.5985828708375322548818 
152.533749999999997726263 33.3157285885469178765561 
152.533749999999997726263 35.467165741675074741579 
144.411562499999973852027 34.5109714513958962811557 

144.411562499999973852027 33.5547771611167107153051 
144.411562499999973852027 31.8814371531281501859212 
152.533749999999997726263 32.5985828708375322548818 
152.533749999999997726263 34.5109714513958962811557 
144.411562499999973852027 33.5547771611167107153051 

144.411562499999973852027 32.5985828708375322548818 
144.411562499999973852027 31.1642914354187681169606 
152.533749999999997726263 31.8814371531281501859212 
152.533749999999997726263 33.5547771611167107153051 
144.411562499999973852027 32.5985828708375322548818 

144.411562499999973852027 31.6423885805583573471722 
144.411562499999973852027 30.4471457177093824952863 
152.533749999999997726263 31.1642914354187681169606 
152.533749999999997726263 32.5985828708375322548818 
144.411562499999973852027 31.6423885805583573471722 

144.411562499999973852027 29.729999999999996873612 
152.533749999999997726263 29.729999999999996873612 
152.533749999999997726263 30.6861942902791788867489 
144.411562499999973852027 29.729999999999996873612 

144.411562499999973852027 30.6861942902791788867489 
144.411562499999973852027 29.729999999999996873612 
152.533749999999997726263 30.4471457177093824952863 
152.533749999999997726263 31.6423885805583573471722 
144.411562499999973852027 30.6861942902791788867489 

128.167187499999982946974 34.9086362680793769186494 
128.167187499999982946974 33.3157285885469178765561 
136.289374999999978399501 34.0328743062563034982304 
136.289374999999978399501 35.8648305583585553790726 
128.167187499999982946974 34.9086362680793769186494 

128.167187499999982946974 34.5109714513958962811557 
128.167187499999982946974 32.5985828708375322548818 
136.289374999999978399501 33.3157285885469178765561 
136.289374999999978399501 35.467165741675074741579 
128.167187499999982946974 34.5109714513958962811557 

128.167187499999982946974 33.5547771611167107153051 
128.167187499999982946974 31.8814371531281501859212 
136.289374999999978399501 32.5985828708375322548818 
136.289374999999978399501 34.5109714513958962811557 
128.167187499999982946974 33.5547771611167107153051 

128.167187499999982946974 32.5985828708375322548818 
128.167187499999982946974 31.1642914354187681169606 
136.289374999999978399501 31.8814371531281501859212 
136.289374999999978399501 33.5547771611167107153051 
128.167187499999982946974 32.5985828708375322548818 

128.167187499999982946974 31.6423885805583573471722 
128.167187499999982946974 30.4471457177093824952863 
136.289374999999978399501 31.1642914354187681169606 
136.289374999999978399501 32.5985828708375322548818 
128.167187499999982946974 31.6423885805583573471722 

128.167187499999982946974 29.729999999999996873612 
136.289374999999978399501 29.729999999999996873612 
136.289374999999978399501 30.6861942902791788867489 
128.167187499999982946974 29.729999999999996873612 

128.167187499999982946974 30.6861942902791788867489 
128.167187499999982946974 29.729999999999996873612 
136.289374999999978399501 30.4471457177093824952863 
136.289374999999978399501 31.6423885805583573471722 
128.167187499999982946974 30.6861942902791788867489 

120.044999999999987494448 33.9524419778001984582261 
120.044999999999987494448 32.5985828708375322548818 
128.167187499999982946974 33.3157285885469178765561 
128.167187499999982946974 34.9086362680793769186494 
120.044999999999987494448 33.9524419778001984582261 

120.044999999999987494448 33.5547771611167107153051 
120.044999999999987494448 31.8814371531281501859212 
128.167187499999982946974 32.5985828708375322548818 
128.167187499999982946974 34.5109714513958962811557 
120.044999999999987494448 33.5547771611167107153051 

120.044999999999987494448 32.5985828708375322548818 
120.044999999999987494448 31.1642914354187681169606 
128.167187499999982946974 31.8814371531281501859212 
128.167187499999982946974 33.5547771611167107153051 
120.044999999999987494448 32.5985828708375322548818 

120.044999999999987494448 31.6423885805583573471722 
120.044999999999987494448 30.4471457177093824952863 
128.167187499999982946974 31.1642914354187681169606 
128.167187499999982946974 32.5985828708375322548818 
120.044999999999987494448 31.6423885805583573471722 

120.044999999999987494448 29.729999999999996873612 
128.167187499999982946974 29.729999999999996873612 
128.167187499999982946974 30.6861942902791788867489 
120.044999999999987494448 29.729999999999996873612 

120.044999999999987494448 30.6861942902791788867489 
120.044999999999987494448 29.729999999999996873612 
128.167187499999982946974 30.4471457177093824952863 
128.167187499999982946974 31.6423885805583573471722 
120.044999999999987494448 30.6861942902791788867489 

136.289374999999978399501 29.729999999999996873612 
136.289374999999978399501 25.9548305583585587896778 
144.411562499999973852027 26.9110248486377372501011 
144.411562499999973852027 29.729999999999996873612 
136.289374999999978399501 29.729999999999996873612 

136.289374999999978399501 35.8648305583585553790726 
136.289374999999978399501 34.0328743062563034982304 
144.411562499999973852027 34.7500200239656891199047 
144.411562499999973852027 36.8210248486377338394959 
136.289374999999978399501 35.8648305583585553790726 

136.289374999999978399501 35.467165741675074741579 
136.289374999999978399501 33.3157285885469178765561 
144.411562499999973852027 34.0328743062563034982304 
144.411562499999973852027 36.4233600319542532020023 
136.289374999999978399501 35.467165741675074741579 

136.289374999999978399501 34.5109714513958962811557 
136.289374999999978399501 32.5985828708375322548818 
144.411562499999973852027 33.3157285885469178765561 
144.411562499999973852027 35.467165741675074741579 
136.289374999999978399501 34.5109714513958962811557 

136.289374999999978399501 33.5547771611167107153051 
136.289374999999978399501 31.8814371531281501859212 
144.411562499999973852027 32.5985828708375322548818 
144.411562499999973852027 34.5109714513958962811557 
136.289374999999978399501 33.5547771611167107153051 

136.289374999999978399501 32.5985828708375322548818 
136.289374999999978399501 31.1642914354187681169606 
144.411562499999973852027 31.8814371531281501859212 
144.411562499999973852027 33.5547771611167107153051 
136.289374999999978399501 32.5985828708375322548818 

136.289374999999978399501 31.6423885805583573471722 
136.289374999999978399501 30.4471457177093824952863 
144.411562499999973852027 31.1642914354187681169606 
144.411562499999973852027 32.5985828708375322548818 
136.289374999999978399501 31.6423885805583573471722 

136.289374999999978399501 29.729999999999996873612 
144.411562499999973852027 29.729999999999996873612 
144.411562499999973852027 30.6861942902791788867489 
136.289374999999978399501 29.729999999999996873612 

136.289374999999978399501 30.6861942902791788867489 
136.289374999999978399501 29.729999999999996873612 
144.411562499999973852027 30.4471457177093824952863 
144.411562499999973852027 31.6423885805583573471722 
136.289374999999978399501 30.6861942902791788867489 

160.65593749999999317879 29.729999999999996873612 
160.65593749999999317879 28.8234134291960977236613 
168.356742857142847924479 29.729999999999996873612 
160.65593749999999317879 29.729999999999996873612 

152.533749999999997726263 29.729999999999996873612 
152.533749999999997726263 27.8672191389169157105243 
160.65593749999999317879 28.8234134291960977236613 
160.65593749999999317879 29.729999999999996873612 
152.533749999999997726263 29.729999999999996873612 

168.356742857142847924479 39.6399999999999934630068 
160.65593749999999317879 38.7334134291960978657698 
160.65593749999999317879 36.184311459384453257826 
168.778124999999988631316 36.9014571770938388795003 
168.778124999999988631316 39.6399999999999934630068 
168.356742857142847924479 39.6399999999999934630068 

160.65593749999999317879 38.3357486125126101228489 
160.65593749999999317879 35.467165741675074741579 
168.778124999999988631316 36.184311459384453257826 
168.778124999999988631316 39.2919429027917885832721 
160.65593749999999317879 38.3357486125126101228489 

160.65593749999999317879 37.3795543222334316624256 
160.65593749999999317879 34.7500200239656891199047 
168.778124999999988631316 35.467165741675074741579 
168.778124999999988631316 38.3357486125126101228489 
160.65593749999999317879 37.3795543222334316624256 

160.65593749999999317879 36.4233600319542532020023 
160.65593749999999317879 34.0328743062563034982304 
168.778124999999988631316 34.7500200239656891199047 
168.778124999999988631316 37.3795543222334316624256 
160.65593749999999317879 36.4233600319542532020023 

160.65593749999999317879 35.467165741675074741579 
160.65593749999999317879 33.3157285885469178765561 
168.778124999999988631316 34.0328743062563034982304 
168.778124999999988631316 36.4233600319542532020023 
160.65593749999999317879 35.467165741675074741579 

160.65593749999999317879 34.5109714513958962811557 
160.65593749999999317879 32.5985828708375322548818 
168.778124999999988631316 33.3157285885469178765561 
168.778124999999988631316 35.467165741675074741579 
160.65593749999999317879 34.5109714513958962811557 

160.65593749999999317879 33.5547771611167107153051 
160.65593749999999317879 31.8814371531281501859212 
168.778124999999988631316 32.5985828708375322548818 
168.778124999999988631316 34.5109714513958962811557 
160.65593749999999317879 33.5547771611167107153051 

160.65593749999999317879 32.5985828708375322548818 
160.65593749999999317879 31.1642914354187681169606 
168.778124999999988631316 31.8814371531281501859212 
168.778124999999988631316 33.5547771611167107153051 
160.65593749999999317879 32.5985828708375322548818 

160.65593749999999317879 31.6423885805583573471722 
160.65593749999999317879 30.4471457177093824952863 
168.778124999999988631316 31.1642914354187681169606 
168.778124999999988631316 32.5985828708375322548818 
160.65593749999999317879 31.6423885805583573471722 

160.65593749999999317879 29.729999999999996873612 
168.356742857142847924479 29.729999999999996873612 
168.778124999999988631316 29.7672057896064572446448 
168.778124999999988631316 30.6861942902791788867489 
160.65593749999999317879 29.729999999999996873612 

160.65593749999999317879 30.6861942902791788867489 
160.65593749999999317879 29.729999999999996873612 
168.778124999999988631316 30.4471457177093824952863 
168.778124999999988631316 31.6423885805583573471722 
160.65593749999999317879 30.6861942902791788867489 

152.533749999999997726263 37.7772191389169122999192 
152.533749999999997726263 35.467165741675074741579 
160.65593749999999317879 36.184311459384453257826 
160.65593749999999317879 38.7334134291960978657698 
152.533749999999997726263 37.7772191389169122999192 

152.533749999999997726263 37.3795543222334316624256 
152.533749999999997726263 34.7500200239656891199047 
160.65593749999999317879 35.467165741675074741579 
160.65593749999999317879 38.3357486125126101228489 
152.533749999999997726263 37.3795543222334316624256 

152.533749999999997726263 36.4233600319542532020023 
152.533749999999997726263 34.0328743062563034982304 
160.65593749999999317879 34.7500200239656891199047 
160.65593749999999317879 37.3795543222334316624256 
152.533749999999997726263 36.4233600319542532020023 

152.533749999999997726263 35.467165741675074741579 
152.533749999999997726263 33.3157285885469178765561 
160.65593749999999317879 34.0328743062563034982304 
160.65593749999999317879 36.4233600319542532020023 
152.533749999999997726263 35.467165741675074741579 

152.533749999999997726263 34.5109714513958962811557 
152.533749999999997726263 32.5985828708375322548818 
160.65593749999999317879 33.3157285885469178765561 
160.65593749999999317879 35.467165741675074741579 
152.533749999999997726263 34.5109714513958962811557 

152.533749999999997726263 33.5547771611167107153051 
152.533749999999997726263 31.8814371531281501859212 
160.65593749999999317879 32.5985828708375322548818 
160.65593749999999317879 34.5109714513958962811557 
152.533749999999997726263 33.5547771611167107153051 

152.533749999999997726263 32.5985828708375322548818 
152.533749999999997726263 31.1642914354187681169606 
160.65593749999999317879 31.8814371531281501859212 
160.65593749999999317879 33.5547771611167107153051 
152.533749999999997726263 32.5985828708375322548818 

152.533749999999997726263 31.6423885805583573471722 
152.533749999999997726263 30.4471457177093824952863 
160.65593749999999317879 31.1642914354187681169606 
160.65593749999999317879 32.5985828708375322548818 
152.533749999999997726263 31.6423885805583573471722 

152.533749999999997726263 29.729999999999996873612 
160.65593749999999317879 29.729999999999996873612 
160.65593749999999317879 30.6861942902791788867489 
152.533749999999997726263 29.729999999999996873612 

152.533749999999997726263 30.6861942902791788867489 
152.533749999999997726263 29.729999999999996873612 
160.65593749999999317879 30.4471457177093824952863 
160.65593749999999317879 31.6423885805583573471722 
152.533749999999997726263 30.6861942902791788867489 

168.778124999999988631316 39.6399999999999934630068 
168.778124999999988631316 36.9014571770938388795003 
176.900312499999984083843 37.6186028948032245011746 
176.900312499999984083843 39.6399999999999934630068 
168.778124999999988631316 39.6399999999999934630068 

171.734621428571415435727 39.6399999999999934630068 
168.778124999999988631316 39.2919429027917885832721 
168.778124999999988631316 36.184311459384453257826 
176.900312499999984083843 36.9014571770938388795003 
176.900312499999984083843 39.6399999999999934630068 
171.734621428571415435727 39.6399999999999934630068 

168.778124999999988631316 38.3357486125126101228489 
168.778124999999988631316 35.467165741675074741579 
176.900312499999984083843 36.184311459384453257826 
176.900312499999984083843 39.2919429027917885832721 
168.778124999999988631316 38.3357486125126101228489 

168.778124999999988631316 37.3795543222334316624256 
168.778124999999988631316 34.7500200239656891199047 
176.900312499999984083843 35.467165741675074741579 
176.900312499999984083843 38.3357486125126101228489 
168.778124999999988631316 37.3795543222334316624256 

168.778124999999988631316 36.4233600319542532020023 
168.778124999999988631316 34.0328743062563034982304 
176.900312499999984083843 34.7500200239656891199047 
176.900312499999984083843 37.3795543222334316624256 
168.778124999999988631316 36.4233600319542532020023 

168.778124999999988631316 35.467165741675074741579 
168.778124999999988631316 33.3157285885469178765561 
176.900312499999984083843 34.0328743062563034982304 
176.900312499999984083843 36.4233600319542532020023 
168.778124999999988631316 35.467165741675074741579 

168.778124999999988631316 34.5109714513958962811557 
168.778124999999988631316 32.5985828708375322548818 
176.900312499999984083843 33.3157285885469178765561 
176.900312499999984083843 35.467165741675074741579 
168.778124999999988631316 34.5109714513958962811557 

168.778124999999988631316 33.5547771611167107153051 
168.778124999999988631316 31.8814371531281501859212 
176.900312499999984083843 32.5985828708375322548818 
176.900312499999984083843 34.5109714513958962811557 
168.778124999999988631316 33.5547771611167107153051 

168.778124999999988631316 32.5985828708375322548818 
168.778124999999988631316 31.1642914354187681169606 
176.900312499999984083843 31.8814371531281501859212 
176.900312499999984083843 33.5547771611167107153051 
168.778124999999988631316 32.5985828708375322548818 

168.778124999999988631316 31.6423885805583573471722 
168.778124999999988631316 30.4471457177093824952863 
176.900312499999984083843 31.1642914354187681169606 
176.900312499999984083843 32.5985828708375322548818 
168.778124999999988631316 31.6423885805583573471722 

168.778124999999988631316 30.6861942902791788867489 
168.778124999999988631316 29.7672057896064572446448 
176.900312499999984083843 30.4843515073158393136055 
176.900312499999984083843 31.6423885805583573471722 
168.778124999999988631316 30.6861942902791788867489 

241.877812499999976125764 46.1315172489909173236811 
241.877812499999976125764 44.8034491675075656758054 
250 45.3771657416750713309739 
250 46.848662966700295839928 
241.877812499999976125764 46.1315172489909173236811 

241.877812499999976125764 46.0943114593844569526482 
241.877812499999976125764 44.2297325933400600206369 
250 44.8034491675075656758054 
250 46.8114571770938425743225 
241.877812499999976125764 46.0943114593844569526482 

241.877812499999976125764 45.3771657416750713309739 
241.877812499999976125764 43.656016019172547260041 
250 44.2297325933400600206369 
250 46.0943114593844569526482 
241.877812499999976125764 45.3771657416750713309739 

241.877812499999976125764 44.6600200239656857092996 
241.877812499999976125764 43.0822994450050416048725 
250 43.656016019172547260041 
250 45.3771657416750713309739 
241.877812499999976125764 44.6600200239656857092996 

241.877812499999976125764 43.9428743062563000876253 
241.877812499999976125764 42.508582870837535949704 
250 43.0822994450050416048725 
250 44.6600200239656857092996 
241.877812499999976125764 43.9428743062563000876253 

241.877812499999976125764 43.2257285885469215713783 
241.877812499999976125764 41.9348662966700231891082 
250 42.508582870837535949704 
250 43.9428743062563000876253 
241.877812499999976125764 43.2257285885469215713783 

241.877812499999976125764 42.508582870837535949704 
241.877812499999976125764 41.3611497225025175339397 
250 41.9348662966700231891082 
250 43.2257285885469215713783 
241.877812499999976125764 42.508582870837535949704 

241.877812499999976125764 41.7914371531281503280297 
241.877812499999976125764 40.7874331483350118787712 
250 41.3611497225025175339397 
250 42.508582870837535949704 
241.877812499999976125764 41.7914371531281503280297 

241.877812499999976125764 41.0742914354187647063554 
241.877812499999976125764 40.2137165741675062236027 
250 40.7874331483350118787712 
250 41.7914371531281503280297 
241.877812499999976125764 41.0742914354187647063554 

241.877812499999976125764 39.6399999999999934630068 
250 39.6399999999999934630068 
250 40.3571457177093790846811 
241.877812499999976125764 39.6399999999999934630068 

241.877812499999976125764 40.3571457177093790846811 
241.877812499999976125764 39.6399999999999934630068 
250 40.2137165741675062236027 
250 41.0742914354187647063554 
241.877812499999976125764 40.3571457177093790846811 

176.900312499999984083843 40.394351507315839455714 
176.900312499999984083843 40.2137165741675062236027 
185.022499999999979536369 40.7874331483350118787712 
185.022499999999979536369 41.1114972250252250773883 
176.900312499999984083843 40.394351507315839455714 

176.900312499999984083843 39.6399999999999934630068 
185.022499999999979536369 39.6399999999999934630068 
185.022499999999979536369 40.3571457177093790846811 
176.900312499999984083843 39.6399999999999934630068 

176.900312499999984083843 40.3571457177093790846811 
176.900312499999984083843 39.6399999999999934630068 
185.022499999999979536369 40.2137165741675062236027 
185.022499999999979536369 41.0742914354187647063554 
176.900312499999984083843 40.3571457177093790846811 

168.356742857142847924479 39.6399999999999934630068 
168.778124999999988631316 39.6399999999999934630068 
168.778124999999988631316 39.6772057896064538340397 
168.356742857142847924479 39.6399999999999934630068 

168.778124999999988631316 39.6399999999999934630068 
176.900312499999984083843 39.6399999999999934630068 
176.900312499999984083843 40.3571457177093790846811 
168.778124999999988631316 39.6399999999999934630068 

168.778124999999988631316 39.6772057896064538340397 
168.778124999999988631316 39.6399999999999934630068 
176.900312499999984083843 40.2137165741675062236027 
176.900312499999984083843 40.394351507315839455714 
168.778124999999988631316 39.6772057896064538340397 

209.389062499999994315658 39.6399999999999934630068 
209.389062499999994315658 36.9014571770938388795003 
217.511249999999989768185 37.6186028948032245011746 
217.511249999999989768185 39.6399999999999934630068 
209.389062499999994315658 39.6399999999999934630068 

212.345558928571421120068 39.6399999999999934630068 
209.389062499999994315658 39.2919429027917885832721 
209.389062499999994315658 36.184311459384453257826 
217.511249999999989768185 36.9014571770938388795003 
217.511249999999989768185 39.6399999999999934630068 
212.345558928571421120068 39.6399999999999934630068 

209.389062499999994315658 38.3357486125126101228489 
209.389062499999994315658 35.467165741675074741579 
217.511249999999989768185 36.184311459384453257826 
217.511249999999989768185 39.2919429027917885832721 
209.389062499999994315658 38.3357486125126101228489 

209.389062499999994315658 37.3795543222334316624256 
209.389062499999994315658 34.7500200239656891199047 
217.511249999999989768185 35.467165741675074741579 
217.511249999999989768185 38.3357486125126101228489 
209.389062499999994315658 37.3795543222334316624256 

209.389062499999994315658 36.4233600319542532020023 
209.389062499999994315658 34.0328743062563034982304 
217.511249999999989768185 34.7500200239656891199047 
217.511249999999989768185 37.3795543222334316624256 
209.389062499999994315658 36.4233600319542532020023 

209.389062499999994315658 35.467165741675074741579 
209.389062499999994315658 33.352934378153378247589 
217.511249999999989768185 34.0700800958627638692633 
217.511249999999989768185 36.4233600319542532020023 
209.389062499999994315658 35.467165741675074741579 

193.144687499999974988896 39.6399999999999934630068 
193.144687499999974988896 36.9014571770938388795003 
201.266874999999998863132 37.6186028948032245011746 
201.266874999999998863132 39.6399999999999934630068 
193.144687499999974988896 39.6399999999999934630068 

196.101183928571401793306 39.6399999999999934630068 
193.144687499999974988896 39.2919429027917885832721 
193.144687499999974988896 36.184311459384453257826 
201.266874999999998863132 36.9014571770938388795003 
201.266874999999998863132 39.6399999999999934630068 
196.101183928571401793306 39.6399999999999934630068 

193.144687499999974988896 38.3357486125126101228489 
193.144687499999974988896 35.467165741675074741579 
201.266874999999998863132 36.184311459384453257826 
201.266874999999998863132 39.2919429027917885832721 
193.144687499999974988896 38.3357486125126101228489 

193.144687499999974988896 37.3795543222334316624256 
193.144687499999974988896 34.7500200239656891199047 
201.266874999999998863132 35.467165741675074741579 
201.266874999999998863132 38.3357486125126101228489 
193.144687499999974988896 37.3795543222334316624256 

193.144687499999974988896 36.4233600319542532020023 
193.144687499999974988896 34.0328743062563034982304 
201.266874999999998863132 34.7500200239656891199047 
201.266874999999998863132 37.3795543222334316624256 
193.144687499999974988896 36.4233600319542532020023 

193.144687499999974988896 35.467165741675074741579 
193.144687499999974988896 33.3157285885469178765561 
201.266874999999998863132 34.0328743062563034982304 
201.266874999999998863132 36.4233600319542532020023 
193.144687499999974988896 35.467165741675074741579 

193.144687499999974988896 34.5109714513958962811557 
193.144687499999974988896 32.5985828708375322548818 
201.266874999999998863132 33.3157285885469178765561 
201.266874999999998863132 35.467165741675074741579 
193.144687499999974988896 34.5109714513958962811557 

193.144687499999974988896 33.5547771611167107153051 
193.144687499999974988896 31.9186429427346105569541 
201.266874999999998863132 32.6357886604439926259147 
201.266874999999998863132 34.5109714513958962811557 
193.144687499999974988896 33.5547771611167107153051 

185.022499999999979536369 39.6399999999999934630068 
185.022499999999979536369 36.9014571770938388795003 
193.144687499999974988896 37.6186028948032245011746 
193.144687499999974988896 39.6399999999999934630068 
185.022499999999979536369 39.6399999999999934630068 

187.97899642857140634078 39.6399999999999934630068 
185.022499999999979536369 39.2919429027917885832721 
185.022499999999979536369 36.184311459384453257826 
193.144687499999974988896 36.9014571770938388795003 
193.144687499999974988896 39.6399999999999934630068 
187.97899642857140634078 39.6399999999999934630068 

185.022499999999979536369 38.3357486125126101228489 
185.022499999999979536369 35.467165741675074741579 
193.144687499999974988896 36.184311459384453257826 
193.144687499999974988896 39.2919429027917885832721 
185.022499999999979536369 38.3357486125126101228489 

185.022499999999979536369 37.3795543222334316624256 
185.022499999999979536369 34.7500200239656891199047 
193.144687499999974988896 35.467165741675074741579 
193.144687499999974988896 38.3357486125126101228489 
185.022499999999979536369 37.3795543222334316624256 

185.022499999999979536369 36.4233600319542532020023 
185.022499999999979536369 34.0328743062563034982304 
193.144687499999974988896 34.7500200239656891199047 
193.144687499999974988896 37.3795543222334316624256 
185.022499999999979536369 36.4233600319542532020023 

185.022499999999979536369 35.467165741675074741579 
185.022499999999979536369 33.3157285885469178765561 
193.144687499999974988896 34.0328743062563034982304 
193.144687499999974988896 36.4233600319542532020023 
185.022499999999979536369 35.467165741675074741579 

185.022499999999979536369 34.5109714513958962811557 
185.022499999999979536369 32.5985828708375322548818 
193.144687499999974988896 33.3157285885469178765561 
193.144687499999974988896 35.467165741675074741579 
185.022499999999979536369 34.5109714513958962811557 

185.022499999999979536369 33.5547771611167107153051 
185.022499999999979536369 31.8814371531281501859212 
193.144687499999974988896 32.5985828708375322548818 
193.144687499999974988896 34.5109714513958962811557 
185.022499999999979536369 33.5547771611167107153051 

185.022499999999979536369 32.5985828708375322548818 
185.022499999999979536369 31.2014972250252249352798 
193.144687499999974988896 31.9186429427346105569541 
193.144687499999974988896 33.5547771611167107153051 
185.022499999999979536369 32.5985828708375322548818 

209.389062499999994315658 43.2629343781533748369839 
209.389062499999994315658 42.508582870837535949704 
217.511249999999989768185 43.0822994450050416048725 
217.511249999999989768185 43.9800800958627604586582 
209.389062499999994315658 43.2629343781533748369839 

209.389062499999994315658 43.2257285885469215713783 
209.389062499999994315658 41.9348662966700231891082 
217.511249999999989768185 42.508582870837535949704 
217.511249999999989768185 43.9428743062563000876253 
209.389062499999994315658 43.2257285885469215713783 

209.389062499999994315658 42.508582870837535949704 
209.389062499999994315658 41.3611497225025175339397 
217.511249999999989768185 41.9348662966700231891082 
217.511249999999989768185 43.2257285885469215713783 
209.389062499999994315658 42.508582870837535949704 

209.389062499999994315658 41.7914371531281503280297 
209.389062499999994315658 40.7874331483350118787712 
217.511249999999989768185 41.3611497225025175339397 
217.511249999999989768185 42.508582870837535949704 
209.389062499999994315658 41.7914371531281503280297 

209.389062499999994315658 41.0742914354187647063554 
209.389062499999994315658 40.2137165741675062236027 
217.511249999999989768185 40.7874331483350118787712 
217.511249999999989768185 41.7914371531281503280297 
209.389062499999994315658 41.0742914354187647063554 

209.389062499999994315658 39.6399999999999934630068 
217.511249999999989768185 39.6399999999999934630068 
217.511249999999989768185 40.3571457177093790846811 
209.389062499999994315658 39.6399999999999934630068 

209.389062499999994315658 40.3571457177093790846811 
209.389062499999994315658 39.6399999999999934630068 
217.511249999999989768185 40.2137165741675062236027 
217.511249999999989768185 41.0742914354187647063554 
209.389062499999994315658 40.3571457177093790846811 

193.144687499999974988896 41.8286429427346106990626 
193.144687499999974988896 41.3611497225025175339397 
201.266874999999998863132 41.9348662966700231891082 
201.266874999999998863132 42.5457886604439892153096 
193.144687499999974988896 41.8286429427346106990626 

193.144687499999974988896 41.7914371531281503280297 
193.144687499999974988896 40.7874331483350118787712 
201.266874999999998863132 41.3611497225025175339397 
201.266874999999998863132 42.508582870837535949704 
193.144687499999974988896 41.7914371531281503280297 

193.144687499999974988896 41.0742914354187647063554 
193.144687499999974988896 40.2137165741675062236027 
201.266874999999998863132 40.7874331483350118787712 
201.266874999999998863132 41.7914371531281503280297 
193.144687499999974988896 41.0742914354187647063554 

193.144687499999974988896 39.6399999999999934630068 
201.266874999999998863132 39.6399999999999934630068 
201.266874999999998863132 40.3571457177093790846811 
193.144687499999974988896 39.6399999999999934630068 

193.144687499999974988896 40.3571457177093790846811 
193.144687499999974988896 39.6399999999999934630068 
201.266874999999998863132 40.2137165741675062236027 
201.266874999999998863132 41.0742914354187647063554 
193.144687499999974988896 40.3571457177093790846811 

185.022499999999979536369 41.1114972250252250773883 
185.022499999999979536369 40.7874331483350118787712 
193.144687499999974988896 41.3611497225025175339397 
193.144687499999974988896 41.8286429427346106990626 
185.022499999999979536369 41.1114972250252250773883 

185.022499999999979536369 41.0742914354187647063554 
185.022499999999979536369 40.2137165741675062236027 
193.144687499999974988896 40.7874331483350118787712 
193.144687499999974988896 41.7914371531281503280297 
185.022499999999979536369 41.0742914354187647063554 

185.022499999999979536369 39.6399999999999934630068 
193.144687499999974988896 39.6399999999999934630068 
193.144687499999974988896 40.3571457177093790846811 
185.022499999999979536369 39.6399999999999934630068 

185.022499999999979536369 40.3571457177093790846811 
185.022499999999979536369 39.6399999999999934630068 
193.144687499999974988896 40.2137165741675062236027 
193.144687499999974988896 41.0742914354187647063554 
185.022499999999979536369 40.3571457177093790846811 

201.266874999999998863132 39.6399999999999934630068 
201.266874999999998863132 36.9014571770938388795003 
209.389062499999994315658 37.6186028948032245011746 
209.389062499999994315658 39.6399999999999934630068 
201.266874999999998863132 39.6399999999999934630068 

204.223371428571425667542 39.6399999999999934630068 
201.266874999999998863132 39.2919429027917885832721 
201.266874999999998863132 36.184311459384453257826 
209.389062499999994315658 36.9014571770938388795003 
209.389062499999994315658 39.6399999999999934630068 
204.223371428571425667542 39.6399999999999934630068 

201.266874999999998863132 38.3357486125126101228489 
201.266874999999998863132 35.467165741675074741579 
209.389062499999994315658 36.184311459384453257826 
209.389062499999994315658 39.2919429027917885832721 
201.266874999999998863132 38.3357486125126101228489 

201.266874999999998863132 37.3795543222334316624256 
201.266874999999998863132 34.7500200239656891199047 
209.389062499999994315658 35.467165741675074741579 
209.389062499999994315658 38.3357486125126101228489 
201.266874999999998863132 37.3795543222334316624256 

201.266874999999998863132 36.4233600319542532020023 
201.266874999999998863132 34.0328743062563034982304 
209.389062499999994315658 34.7500200239656891199047 
209.389062499999994315658 37.3795543222334316624256 
201.266874999999998863132 36.4233600319542532020023 

201.266874999999998863132 35.467165741675074741579 
201.266874999999998863132 33.3157285885469178765561 
209.389062499999994315658 34.0328743062563034982304 
209.389062499999994315658 36.4233600319542532020023 
201.266874999999998863132 35.467165741675074741579 

201.266874999999998863132 34.5109714513958962811557 
201.266874999999998863132 32.6357886604439926259147 
209.389062499999994315658 33.352934378153378247589 
209.389062499999994315658 35.467165741675074741579 
201.266874999999998863132 34.5109714513958962811557 

201.266874999999998863132 42.5457886604439892153096 
201.266874999999998863132 41.9348662966700231891082 
209.389062499999994315658 42.508582870837535949704 
209.389062499999994315658 43.2629343781533748369839 
201.266874999999998863132 42.5457886604439892153096 

201.266874999999998863132 42.508582870837535949704 
201.266874999999998863132 41.3611497225025175339397 
209.389062499999994315658 41.9348662966700231891082 
209.389062499999994315658 43.2257285885469215713783 
201.266874999999998863132 42.508582870837535949704 

201.266874999999998863132 41.7914371531281503280297 
201.266874999999998863132 40.7874331483350118787712 
209.389062499999994315658 41.3611497225025175339397 
209.389062499999994315658 42.508582870837535949704 
201.266874999999998863132 41.7914371531281503280297 

201.266874999999998863132 41.0742914354187647063554 
201.266874999999998863132 40.2137165741675062236027 
209.389062499999994315658 40.7874331483350118787712 
209.389062499999994315658 41.7914371531281503280297 
201.266874999999998863132 41.0742914354187647063554 

201.266874999999998863132 39.6399999999999934630068 
209.389062499999994315658 39.6399999999999934630068 
209.389062499999994315658 40.3571457177093790846811 
201.266874999999998863132 39.6399999999999934630068 

201.266874999999998863132 40.3571457177093790846811 
201.266874999999998863132 39.6399999999999934630068 
209.389062499999994315658 40.2137165741675062236027 
209.389062499999994315658 41.0742914354187647063554 
201.266874999999998863132 40.3571457177093790846811 

225.633437499999985220711 39.6399999999999934630068 
225.633437499999985220711 36.9014571770938388795003 
233.755624999999980673238 37.6186028948032245011746 
233.755624999999980673238 39.6399999999999934630068 
225.633437499999985220711 39.6399999999999934630068 

228.589933928571412025121 39.6399999999999934630068 
225.633437499999985220711 39.2919429027917885832721 
225.633437499999985220711 36.184311459384453257826 
233.755624999999980673238 36.9014571770938388795003 
233.755624999999980673238 39.6399999999999934630068 
228.589933928571412025121 39.6399999999999934630068 

225.633437499999985220711 38.3357486125126101228489 
225.633437499999985220711 35.467165741675074741579 
233.755624999999980673238 36.184311459384453257826 
233.755624999999980673238 39.2919429027917885832721 
225.633437499999985220711 38.3357486125126101228489 

225.633437499999985220711 37.3795543222334316624256 
225.633437499999985220711 34.7872258135721423855102 
233.755624999999980673238 35.5043715312815280071845 
233.755624999999980673238 38.3357486125126101228489 
225.633437499999985220711 37.3795543222334316624256 

217.511249999999989768185 39.6399999999999934630068 
217.511249999999989768185 36.9014571770938388795003 
225.633437499999985220711 37.6186028948032245011746 
225.633437499999985220711 39.6399999999999934630068 
217.511249999999989768185 39.6399999999999934630068 

220.467746428571416572595 39.6399999999999934630068 
217.511249999999989768185 39.2919429027917885832721 
217.511249999999989768185 36.184311459384453257826 
225.633437499999985220711 36.9014571770938388795003 
225.633437499999985220711 39.6399999999999934630068 
220.467746428571416572595 39.6399999999999934630068 

217.511249999999989768185 38.3357486125126101228489 
217.511249999999989768185 35.467165741675074741579 
225.633437499999985220711 36.184311459384453257826 
225.633437499999985220711 39.2919429027917885832721 
217.511249999999989768185 38.3357486125126101228489 

217.511249999999989768185 37.3795543222334316624256 
217.511249999999989768185 34.7500200239656891199047 
225.633437499999985220711 35.467165741675074741579 
225.633437499999985220711 38.3357486125126101228489 
217.511249999999989768185 37.3795543222334316624256 

217.511249999999989768185 36.4233600319542532020023 
217.511249999999989768185 34.0700800958627638692633 
225.633437499999985220711 34.7872258135721423855102 
225.633437499999985220711 37.3795543222334316624256 
217.511249999999989768185 36.4233600319542532020023 

225.633437499999985220711 44.6972258135721460803325 
225.633437499999985220711 43.656016019172547260041 
233.755624999999980673238 44.2297325933400600206369 
233.755624999999980673238 45.4143715312815317020068 
225.633437499999985220711 44.6972258135721460803325 

225.633437499999985220711 44.6600200239656857092996 
225.633437499999985220711 43.0822994450050416048725 
233.755624999999980673238 43.656016019172547260041 
233.755624999999980673238 45.3771657416750713309739 
225.633437499999985220711 44.6600200239656857092996 

225.633437499999985220711 43.9428743062563000876253 
225.633437499999985220711 42.508582870837535949704 
233.755624999999980673238 43.0822994450050416048725 
233.755624999999980673238 44.6600200239656857092996 
225.633437499999985220711 43.9428743062563000876253 

225.633437499999985220711 43.2257285885469215713783 
225.633437499999985220711 41.9348662966700231891082 
233.755624999999980673238 42.508582870837535949704 
233.755624999999980673238 43.9428743062563000876253 
225.633437499999985220711 43.2257285885469215713783 

225.633437499999985220711 42.508582870837535949704 
225.633437499999985220711 41.3611497225025175339397 
233.755624999999980673238 41.9348662966700231891082 
233.755624999999980673238 43.2257285885469215713783 
225.633437499999985220711 42.508582870837535949704 

225.633437499999985220711 41.7914371531281503280297 
225.633437499999985220711 40.7874331483350118787712 
233.755624999999980673238 41.3611497225025175339397 
233.755624999999980673238 42.508582870837535949704 
225.633437499999985220711 41.7914371531281503280297 

225.633437499999985220711 41.0742914354187647063554 
225.633437499999985220711 40.2137165741675062236027 
233.755624999999980673238 40.7874331483350118787712 
233.755624999999980673238 41.7914371531281503280297 
225.633437499999985220711 41.0742914354187647063554 

225.633437499999985220711 39.6399999999999934630068 
233.755624999999980673238 39.6399999999999934630068 
233.755624999999980673238 40.3571457177093790846811 
225.633437499999985220711 39.6399999999999934630068 

225.633437499999985220711 40.3571457177093790846811 
225.633437499999985220711 39.6399999999999934630068 
233.755624999999980673238 40.2137165741675062236027 
233.755624999999980673238 41.0742914354187647063554 
225.633437499999985220711 40.3571457177093790846811 

217.511249999999989768185 43.9800800958627604586582 
217.511249999999989768185 43.0822994450050416048725 
225.633437499999985220711 43.656016019172547260041 
225.633437499999985220711 44.6972258135721460803325 
217.511249999999989768185 43.9800800958627604586582 

217.511249999999989768185 43.9428743062563000876253 
217.511249999999989768185 42.508582870837535949704 
225.633437499999985220711 43.0822994450050416048725 
225.633437499999985220711 44.6600200239656857092996 
217.511249999999989768185 43.9428743062563000876253 

217.511249999999989768185 43.2257285885469215713783 
217.511249999999989768185 41.9348662966700231891082 
225.633437499999985220711 42.508582870837535949704 
225.633437499999985220711 43.9428743062563000876253 
217.511249999999989768185 43.2257285885469215713783 

217.511249999999989768185 42.508582870837535949704 
217.511249999999989768185 41.3611497225025175339397 
225.633437499999985220711 41.9348662966700231891082 
225.633437499999985220711 43.2257285885469215713783 
217.511249999999989768185 42.508582870837535949704 

217.511249999999989768185 41.7914371531281503280297 
217.511249999999989768185 40.7874331483350118787712 
225.633437499999985220711 41.3611497225025175339397 
225.633437499999985220711 42.508582870837535949704 
217.511249999999989768185 41.7914371531281503280297 

217.511249999999989768185 41.0742914354187647063554 
217.511249999999989768185 40.2137165741675062236027 
225.633437499999985220711 40.7874331483350118787712 
225.633437499999985220711 41.7914371531281503280297 
217.511249999999989768185 41.0742914354187647063554 

217.511249999999989768185 39.6399999999999934630068 
225.633437499999985220711 39.6399999999999934630068 
225.633437499999985220711 40.3571457177093790846811 
217.511249999999989768185 39.6399999999999934630068 

217.511249999999989768185 40.3571457177093790846811 
217.511249999999989768185 39.6399999999999934630068 
225.633437499999985220711 40.2137165741675062236027 
225.633437499999985220711 41.0742914354187647063554 
217.511249999999989768185 40.3571457177093790846811 

233.755624999999980673238 39.6399999999999934630068 
233.755624999999980673238 36.9014571770938388795003 
241.877812499999976125764 37.6186028948032245011746 
241.877812499999976125764 39.6399999999999934630068 
233.755624999999980673238 39.6399999999999934630068 

236.712121428571407477648 39.6399999999999934630068 
233.755624999999980673238 39.2919429027917885832721 
233.755624999999980673238 36.184311459384453257826 
241.877812499999976125764 36.9014571770938388795003 
241.877812499999976125764 39.6399999999999934630068 
236.712121428571407477648 39.6399999999999934630068 

233.755624999999980673238 38.3357486125126101228489 
233.755624999999980673238 35.5043715312815280071845 
241.877812499999976125764 36.2215172489909136288588 
241.877812499999976125764 39.2919429027917885832721 
233.755624999999980673238 38.3357486125126101228489 

233.755624999999980673238 45.4143715312815317020068 
233.755624999999980673238 44.2297325933400600206369 
241.877812499999976125764 44.8034491675075656758054 
241.877812499999976125764 46.1315172489909173236811 
233.755624999999980673238 45.4143715312815317020068 

233.755624999999980673238 45.3771657416750713309739 
233.755624999999980673238 43.656016019172547260041 
241.877812499999976125764 44.2297325933400600206369 
241.877812499999976125764 46.0943114593844569526482 
233.755624999999980673238 45.3771657416750713309739 

233.755624999999980673238 44.6600200239656857092996 
233.755624999999980673238 43.0822994450050416048725 
241.877812499999976125764 43.656016019172547260041 
241.877812499999976125764 45.3771657416750713309739 
233.755624999999980673238 44.6600200239656857092996 

233.755624999999980673238 43.9428743062563000876253 
233.755624999999980673238 42.508582870837535949704 
241.877812499999976125764 43.0822994450050416048725 
241.877812499999976125764 44.6600200239656857092996 
233.755624999999980673238 43.9428743062563000876253 

233.755624999999980673238 43.2257285885469215713783 
233.755624999999980673238 41.9348662966700231891082 
241.877812499999976125764 42.508582870837535949704 
241.877812499999976125764 43.9428743062563000876253 
233.755624999999980673238 43.2257285885469215713783 

233.755624999999980673238 42.508582870837535949704 
233.755624999999980673238 41.3611497225025175339397 
241.877812499999976125764 41.9348662966700231891082 
241.877812499999976125764 43.2257285885469215713783 
233.755624999999980673238 42.508582870837535949704 

233.755624999999980673238 41.7914371531281503280297 
233.755624999999980673238 40.7874331483350118787712 
241.877812499999976125764 41.3611497225025175339397 
241.877812499999976125764 42.508582870837535949704 
233.755624999999980673238 41.7914371531281503280297 

233.755624999999980673238 41.0742914354187647063554 
233.755624999999980673238 40.2137165741675062236027 
241.877812499999976125764 40.7874331483350118787712 
241.877812499999976125764 41.7914371531281503280297 
233.755624999999980673238 41.0742914354187647063554 

233.755624999999980673238 39.6399999999999934630068 
241.877812499999976125764 39.6399999999999934630068 
241.877812499999976125764 40.3571457177093790846811 
233.755624999999980673238 39.6399999999999934630068 

233.755624999999980673238 40.3571457177093790846811 
233.755624999999980673238 39.6399999999999934630068 
241.877812499999976125764 40.2137165741675062236027 
241.877812499999976125764 41.0742914354187647063554 
233.755624999999980673238 40.3571457177093790846811 

