250 49.5499999999999971578291 
-9.90999999999999836575171 49.5499999999999971578291 

0 0 

-9.90999999999999836575171 0 

120.044999999999987494448 -9.90999999999999836575171 
250 -9.90999999999999836575171 
250 0 
120.044999999999987494448 0 
120.044999999999987494448 -9.90999999999999836575171 

250 -9.90999999999999836575171 
-9.90999999999999836575171 -9.90999999999999836575171 

55.0674999999999954525265 -9.90999999999999836575171 
120.044999999999987494448 -9.90999999999999836575171 
120.044999999999987494448 0 
55.0674999999999954525265 0 
55.0674999999999954525265 -9.90999999999999836575171 

22.5787499999999994315658 -9.90999999999999836575171 
55.0674999999999954525265 -9.90999999999999836575171 
55.0674999999999954525265 0 
22.5787499999999994315658 0 
22.5787499999999994315658 -9.90999999999999836575171 

6.33437499999999964472863 -9.90999999999999836575171 
22.5787499999999994315658 -9.90999999999999836575171 
22.5787499999999994315658 0 
6.33437499999999964472863 0 
6.33437499999999964472863 -9.90999999999999836575171 

-1.78781249999999980460075 -9.90999999999999836575171 
6.33437499999999964472863 -9.90999999999999836575171 
6.33437499999999964472863 0 
-1.78781249999999980460075 0 
-1.78781249999999980460075 -9.90999999999999836575171 

-9.90999999999999836575171 0 
-9.90999999999999836575171 -9.90999999999999836575171 
-1.78781249999999980460075 -9.90999999999999836575171 
-1.78781249999999980460075 0 
-9.90999999999999836575171 0 

120.044999999999987494448 0 
250 0 
250 9.90999999999999836575171 
120.044999999999987494448 9.90999999999999836575171 
120.044999999999987494448 0 

55.0674999999999954525265 0 
120.044999999999987494448 0 
120.044999999999987494448 9.90999999999999836575171 
55.0674999999999954525265 9.90999999999999836575171 
55.0674999999999954525265 0 

38.8231249999999974420462 0 
55.0674999999999954525265 0 
55.0674999999999954525265 9.90999999999999836575171 
38.8231249999999974420462 9.90999999999999836575171 
38.8231249999999974420462 0 

14.4565624999999986499688 0 
22.5787499999999994315658 0 
22.5787499999999994315658 9.90999999999999836575171 
14.4565624999999986499688 9.90999999999999836575171 
14.4565624999999986499688 0 

-1.78781249999999980460075 0 
6.33437499999999964472863 0 
6.33437499999999964472863 9.90999999999999836575171 
-1.78781249999999980460075 9.90999999999999836575171 
-1.78781249999999980460075 0 

-9.90999999999999836575171 9.90999999999999836575171 
-9.90999999999999836575171 0 
-1.78781249999999980460075 0 
-1.78781249999999980460075 9.90999999999999836575171 
-9.90999999999999836575171 9.90999999999999836575171 

120.044999999999987494448 9.90999999999999836575171 
250 9.90999999999999836575171 
250 19.8199999999999967315034 
120.044999999999987494448 19.8199999999999967315034 
120.044999999999987494448 9.90999999999999836575171 

87.5562499999999914734872 9.90999999999999836575171 
120.044999999999987494448 9.90999999999999836575171 
120.044999999999987494448 19.8199999999999967315034 
87.5562499999999914734872 19.8199999999999967315034 
87.5562499999999914734872 9.90999999999999836575171 

46.9453125 9.90999999999999836575171 
55.0674999999999954525265 9.90999999999999836575171 
55.0674999999999954525265 19.8199999999999967315034 
46.9453125 19.8199999999999967315034 
46.9453125 9.90999999999999836575171 

14.4565624999999986499688 9.90999999999999836575171 
22.5787499999999994315658 9.90999999999999836575171 
22.5787499999999994315658 19.8199999999999967315034 
14.4565624999999986499688 19.8199999999999967315034 
14.4565624999999986499688 9.90999999999999836575171 

-1.78781249999999980460075 9.90999999999999836575171 
6.33437499999999964472863 9.90999999999999836575171 
6.33437499999999964472863 19.8199999999999967315034 
-1.78781249999999980460075 19.8199999999999967315034 
-1.78781249999999980460075 9.90999999999999836575171 

-9.90999999999999836575171 19.8199999999999967315034 
-9.90999999999999836575171 9.90999999999999836575171 
-1.78781249999999980460075 9.90999999999999836575171 
-1.78781249999999980460075 19.8199999999999967315034 
-9.90999999999999836575171 19.8199999999999967315034 

6.33437499999999964472863 19.8199999999999967315034 
6.33437499999999964472863 9.90999999999999836575171 
14.4565624999999986499688 9.90999999999999836575171 
14.4565624999999986499688 19.8199999999999967315034 
6.33437499999999964472863 19.8199999999999967315034 

6.33437499999999964472863 9.90999999999999836575171 
6.33437499999999964472863 0 
14.4565624999999986499688 0 
14.4565624999999986499688 9.90999999999999836575171 
6.33437499999999964472863 9.90999999999999836575171 

30.700937499999998436806 0 
38.8231249999999974420462 0 
38.8231249999999974420462 9.90999999999999836575171 
30.700937499999998436806 9.90999999999999836575171 
30.700937499999998436806 0 

22.5787499999999994315658 9.90999999999999836575171 
22.5787499999999994315658 0 
30.700937499999998436806 0 
30.700937499999998436806 9.90999999999999836575171 
22.5787499999999994315658 9.90999999999999836575171 

30.700937499999998436806 9.90999999999999836575171 
38.8231249999999974420462 9.90999999999999836575171 
38.8231249999999974420462 19.8199999999999967315034 
30.700937499999998436806 19.8199999999999967315034 
30.700937499999998436806 9.90999999999999836575171 

22.5787499999999994315658 19.8199999999999967315034 
22.5787499999999994315658 9.90999999999999836575171 
30.700937499999998436806 9.90999999999999836575171 
30.700937499999998436806 19.8199999999999967315034 
22.5787499999999994315658 19.8199999999999967315034 

185.022499999999979536369 19.8199999999999967315034 
250 19.8199999999999967315034 
250 29.729999999999996873612 
185.022499999999979536369 29.729999999999996873612 
185.022499999999979536369 19.8199999999999967315034 

111.922812499999992041921 19.8199999999999967315034 
120.044999999999987494448 19.8199999999999967315034 
120.044999999999987494448 29.729999999999996873612 
111.922812499999992041921 29.729999999999996873612 
111.922812499999992041921 19.8199999999999967315034 

46.9453125 19.8199999999999967315034 
55.0674999999999954525265 19.8199999999999967315034 
55.0674999999999954525265 29.729999999999996873612 
46.9453125 29.729999999999996873612 
46.9453125 19.8199999999999967315034 

-9.90999999999999836575171 29.729999999999996873612 
-9.90999999999999836575171 19.8199999999999967315034 
22.5787499999999994315658 19.8199999999999967315034 
22.5787499999999994315658 29.729999999999996873612 
-9.90999999999999836575171 29.729999999999996873612 

30.700937499999998436806 19.8199999999999967315034 
38.8231249999999974420462 19.8199999999999967315034 
38.8231249999999974420462 29.729999999999996873612 
30.700937499999998436806 29.729999999999996873612 
30.700937499999998436806 19.8199999999999967315034 

22.5787499999999994315658 29.729999999999996873612 
22.5787499999999994315658 19.8199999999999967315034 
30.700937499999998436806 19.8199999999999967315034 
30.700937499999998436806 29.729999999999996873612 
22.5787499999999994315658 29.729999999999996873612 

38.8231249999999974420462 19.8199999999999967315034 
38.8231249999999974420462 9.90999999999999836575171 
46.9453125 9.90999999999999836575171 
46.9453125 19.8199999999999967315034 
38.8231249999999974420462 19.8199999999999967315034 

38.8231249999999974420462 29.729999999999996873612 
38.8231249999999974420462 19.8199999999999967315034 
46.9453125 19.8199999999999967315034 
46.9453125 29.729999999999996873612 
38.8231249999999974420462 29.729999999999996873612 

79.4340624999999960209607 9.90999999999999836575171 
87.5562499999999914734872 9.90999999999999836575171 
87.5562499999999914734872 19.8199999999999967315034 
79.4340624999999960209607 19.8199999999999967315034 
79.4340624999999960209607 9.90999999999999836575171 

63.1896874999999980104803 9.90999999999999836575171 
71.3118749999999863575795 9.90999999999999836575171 
71.3118749999999863575795 19.8199999999999967315034 
63.1896874999999980104803 19.8199999999999967315034 
63.1896874999999980104803 9.90999999999999836575171 

55.0674999999999954525265 19.8199999999999967315034 
55.0674999999999954525265 9.90999999999999836575171 
63.1896874999999980104803 9.90999999999999836575171 
63.1896874999999980104803 19.8199999999999967315034 
55.0674999999999954525265 19.8199999999999967315034 

79.4340624999999960209607 19.8199999999999967315034 
87.5562499999999914734872 19.8199999999999967315034 
87.5562499999999914734872 29.729999999999996873612 
79.4340624999999960209607 29.729999999999996873612 
79.4340624999999960209607 19.8199999999999967315034 

63.1896874999999980104803 19.8199999999999967315034 
71.3118749999999863575795 19.8199999999999967315034 
71.3118749999999863575795 29.729999999999996873612 
63.1896874999999980104803 29.729999999999996873612 
63.1896874999999980104803 19.8199999999999967315034 

55.0674999999999954525265 29.729999999999996873612 
55.0674999999999954525265 19.8199999999999967315034 
63.1896874999999980104803 19.8199999999999967315034 
63.1896874999999980104803 29.729999999999996873612 
55.0674999999999954525265 29.729999999999996873612 

71.3118749999999863575795 19.8199999999999967315034 
71.3118749999999863575795 9.90999999999999836575171 
79.4340624999999960209607 9.90999999999999836575171 
79.4340624999999960209607 19.8199999999999967315034 
71.3118749999999863575795 19.8199999999999967315034 

71.3118749999999863575795 29.729999999999996873612 
71.3118749999999863575795 19.8199999999999967315034 
79.4340624999999960209607 19.8199999999999967315034 
79.4340624999999960209607 29.729999999999996873612 
71.3118749999999863575795 29.729999999999996873612 

95.6784374999999869260137 19.8199999999999967315034 
103.800624999999996589395 19.8199999999999967315034 
103.800624999999996589395 29.729999999999996873612 
95.6784374999999869260137 29.729999999999996873612 
95.6784374999999869260137 19.8199999999999967315034 

87.5562499999999914734872 29.729999999999996873612 
87.5562499999999914734872 19.8199999999999967315034 
95.6784374999999869260137 19.8199999999999967315034 
95.6784374999999869260137 29.729999999999996873612 
87.5562499999999914734872 29.729999999999996873612 

241.877812499999976125764 29.729999999999996873612 
250 29.729999999999996873612 
250 39.6399999999999934630068 
241.877812499999976125764 39.6399999999999934630068 
241.877812499999976125764 29.729999999999996873612 

111.922812499999992041921 29.729999999999996873612 
120.044999999999987494448 29.729999999999996873612 
120.044999999999987494448 39.6399999999999934630068 
111.922812499999992041921 39.6399999999999934630068 
111.922812499999992041921 29.729999999999996873612 

-9.90999999999999836575171 39.6399999999999934630068 
-9.90999999999999836575171 29.729999999999996873612 
55.0674999999999954525265 29.729999999999996873612 
55.0674999999999954525265 39.6399999999999934630068 
-9.90999999999999836575171 39.6399999999999934630068 

79.4340624999999960209607 29.729999999999996873612 
87.5562499999999914734872 29.729999999999996873612 
87.5562499999999914734872 39.6399999999999934630068 
79.4340624999999960209607 39.6399999999999934630068 
79.4340624999999960209607 29.729999999999996873612 

55.0674999999999954525265 39.6399999999999934630068 
55.0674999999999954525265 29.729999999999996873612 
71.3118749999999863575795 29.729999999999996873612 
71.3118749999999863575795 39.6399999999999934630068 
55.0674999999999954525265 39.6399999999999934630068 

71.3118749999999863575795 39.6399999999999934630068 
71.3118749999999863575795 29.729999999999996873612 
79.4340624999999960209607 29.729999999999996873612 
79.4340624999999960209607 39.6399999999999934630068 
71.3118749999999863575795 39.6399999999999934630068 

95.6784374999999869260137 29.729999999999996873612 
103.800624999999996589395 29.729999999999996873612 
103.800624999999996589395 39.6399999999999934630068 
95.6784374999999869260137 39.6399999999999934630068 
95.6784374999999869260137 29.729999999999996873612 

87.5562499999999914734872 39.6399999999999934630068 
87.5562499999999914734872 29.729999999999996873612 
95.6784374999999869260137 29.729999999999996873612 
95.6784374999999869260137 39.6399999999999934630068 
87.5562499999999914734872 39.6399999999999934630068 

103.800624999999996589395 29.729999999999996873612 
103.800624999999996589395 19.8199999999999967315034 
111.922812499999992041921 19.8199999999999967315034 
111.922812499999992041921 29.729999999999996873612 
103.800624999999996589395 29.729999999999996873612 

103.800624999999996589395 39.6399999999999934630068 
103.800624999999996589395 29.729999999999996873612 
111.922812499999992041921 29.729999999999996873612 
111.922812499999992041921 39.6399999999999934630068 
103.800624999999996589395 39.6399999999999934630068 

168.778124999999988631316 19.8199999999999967315034 
185.022499999999979536369 19.8199999999999967315034 
185.022499999999979536369 29.729999999999996873612 
168.778124999999988631316 29.729999999999996873612 
168.778124999999988631316 19.8199999999999967315034 

144.411562499999973852027 19.8199999999999967315034 
152.533749999999997726263 19.8199999999999967315034 
152.533749999999997726263 29.729999999999996873612 
144.411562499999973852027 29.729999999999996873612 
144.411562499999973852027 19.8199999999999967315034 

128.167187499999982946974 19.8199999999999967315034 
136.289374999999978399501 19.8199999999999967315034 
136.289374999999978399501 29.729999999999996873612 
128.167187499999982946974 29.729999999999996873612 
128.167187499999982946974 19.8199999999999967315034 

120.044999999999987494448 29.729999999999996873612 
120.044999999999987494448 19.8199999999999967315034 
128.167187499999982946974 19.8199999999999967315034 
128.167187499999982946974 29.729999999999996873612 
120.044999999999987494448 29.729999999999996873612 

176.900312499999984083843 29.729999999999996873612 
185.022499999999979536369 29.729999999999996873612 
185.022499999999979536369 39.6399999999999934630068 
176.900312499999984083843 39.6399999999999934630068 
176.900312499999984083843 29.729999999999996873612 

144.411562499999973852027 29.729999999999996873612 
152.533749999999997726263 29.729999999999996873612 
152.533749999999997726263 39.6399999999999934630068 
144.411562499999973852027 39.6399999999999934630068 
144.411562499999973852027 29.729999999999996873612 

128.167187499999982946974 29.729999999999996873612 
136.289374999999978399501 29.729999999999996873612 
136.289374999999978399501 39.6399999999999934630068 
128.167187499999982946974 39.6399999999999934630068 
128.167187499999982946974 29.729999999999996873612 

120.044999999999987494448 39.6399999999999934630068 
120.044999999999987494448 29.729999999999996873612 
128.167187499999982946974 29.729999999999996873612 
128.167187499999982946974 39.6399999999999934630068 
120.044999999999987494448 39.6399999999999934630068 

136.289374999999978399501 29.729999999999996873612 
136.289374999999978399501 19.8199999999999967315034 
144.411562499999973852027 19.8199999999999967315034 
144.411562499999973852027 29.729999999999996873612 
136.289374999999978399501 29.729999999999996873612 

136.289374999999978399501 39.6399999999999934630068 
136.289374999999978399501 29.729999999999996873612 
144.411562499999973852027 29.729999999999996873612 
144.411562499999973852027 39.6399999999999934630068 
136.289374999999978399501 39.6399999999999934630068 

160.65593749999999317879 19.8199999999999967315034 
168.778124999999988631316 19.8199999999999967315034 
168.778124999999988631316 29.729999999999996873612 
160.65593749999999317879 29.729999999999996873612 
160.65593749999999317879 19.8199999999999967315034 

152.533749999999997726263 29.729999999999996873612 
152.533749999999997726263 19.8199999999999967315034 
160.65593749999999317879 19.8199999999999967315034 
160.65593749999999317879 29.729999999999996873612 
152.533749999999997726263 29.729999999999996873612 

160.65593749999999317879 29.729999999999996873612 
168.778124999999988631316 29.729999999999996873612 
168.778124999999988631316 39.6399999999999934630068 
160.65593749999999317879 39.6399999999999934630068 
160.65593749999999317879 29.729999999999996873612 

152.533749999999997726263 39.6399999999999934630068 
152.533749999999997726263 29.729999999999996873612 
160.65593749999999317879 29.729999999999996873612 
160.65593749999999317879 39.6399999999999934630068 
152.533749999999997726263 39.6399999999999934630068 

168.778124999999988631316 39.6399999999999934630068 
168.778124999999988631316 29.729999999999996873612 
176.900312499999984083843 29.729999999999996873612 
176.900312499999984083843 39.6399999999999934630068 
168.778124999999988631316 39.6399999999999934630068 

241.877812499999976125764 39.6399999999999934630068 
250 39.6399999999999934630068 
250 49.5499999999999971578291 
241.877812499999976125764 49.5499999999999971578291 
241.877812499999976125764 39.6399999999999934630068 

-9.90999999999999836575171 49.5499999999999971578291 
-9.90999999999999836575171 39.6399999999999934630068 
120.044999999999987494448 39.6399999999999934630068 
120.044999999999987494448 49.5499999999999971578291 
-9.90999999999999836575171 49.5499999999999971578291 

176.900312499999984083843 39.6399999999999934630068 
185.022499999999979536369 39.6399999999999934630068 
185.022499999999979536369 49.5499999999999971578291 
176.900312499999984083843 49.5499999999999971578291 
176.900312499999984083843 39.6399999999999934630068 

120.044999999999987494448 49.5499999999999971578291 
120.044999999999987494448 39.6399999999999934630068 
152.533749999999997726263 39.6399999999999934630068 
152.533749999999997726263 49.5499999999999971578291 
120.044999999999987494448 49.5499999999999971578291 

160.65593749999999317879 39.6399999999999934630068 
168.778124999999988631316 39.6399999999999934630068 
168.778124999999988631316 49.5499999999999971578291 
160.65593749999999317879 49.5499999999999971578291 
160.65593749999999317879 39.6399999999999934630068 

152.533749999999997726263 49.5499999999999971578291 
152.533749999999997726263 39.6399999999999934630068 
160.65593749999999317879 39.6399999999999934630068 
160.65593749999999317879 49.5499999999999971578291 
152.533749999999997726263 49.5499999999999971578291 

168.778124999999988631316 49.5499999999999971578291 
168.778124999999988631316 39.6399999999999934630068 
176.900312499999984083843 39.6399999999999934630068 
176.900312499999984083843 49.5499999999999971578291 
168.778124999999988631316 49.5499999999999971578291 

209.389062499999994315658 29.729999999999996873612 
217.511249999999989768185 29.729999999999996873612 
217.511249999999989768185 39.6399999999999934630068 
209.389062499999994315658 39.6399999999999934630068 
209.389062499999994315658 29.729999999999996873612 

193.144687499999974988896 29.729999999999996873612 
201.266874999999998863132 29.729999999999996873612 
201.266874999999998863132 39.6399999999999934630068 
193.144687499999974988896 39.6399999999999934630068 
193.144687499999974988896 29.729999999999996873612 

185.022499999999979536369 39.6399999999999934630068 
185.022499999999979536369 29.729999999999996873612 
193.144687499999974988896 29.729999999999996873612 
193.144687499999974988896 39.6399999999999934630068 
185.022499999999979536369 39.6399999999999934630068 

209.389062499999994315658 39.6399999999999934630068 
217.511249999999989768185 39.6399999999999934630068 
217.511249999999989768185 49.5499999999999971578291 
209.389062499999994315658 49.5499999999999971578291 
209.389062499999994315658 39.6399999999999934630068 

193.144687499999974988896 39.6399999999999934630068 
201.266874999999998863132 39.6399999999999934630068 
201.266874999999998863132 49.5499999999999971578291 
193.144687499999974988896 49.5499999999999971578291 
193.144687499999974988896 39.6399999999999934630068 

185.022499999999979536369 49.5499999999999971578291 
185.022499999999979536369 39.6399999999999934630068 
193.144687499999974988896 39.6399999999999934630068 
193.144687499999974988896 49.5499999999999971578291 
185.022499999999979536369 49.5499999999999971578291 

201.266874999999998863132 39.6399999999999934630068 
201.266874999999998863132 29.729999999999996873612 
209.389062499999994315658 29.729999999999996873612 
209.389062499999994315658 39.6399999999999934630068 
201.266874999999998863132 39.6399999999999934630068 

201.266874999999998863132 49.5499999999999971578291 
201.266874999999998863132 39.6399999999999934630068 
209.389062499999994315658 39.6399999999999934630068 
209.389062499999994315658 49.5499999999999971578291 
201.266874999999998863132 49.5499999999999971578291 

225.633437499999985220711 29.729999999999996873612 
233.755624999999980673238 29.729999999999996873612 
233.755624999999980673238 39.6399999999999934630068 
225.633437499999985220711 39.6399999999999934630068 
225.633437499999985220711 29.729999999999996873612 

217.511249999999989768185 39.6399999999999934630068 
217.511249999999989768185 29.729999999999996873612 
225.633437499999985220711 29.729999999999996873612 
225.633437499999985220711 39.6399999999999934630068 
217.511249999999989768185 39.6399999999999934630068 

225.633437499999985220711 39.6399999999999934630068 
233.755624999999980673238 39.6399999999999934630068 
233.755624999999980673238 49.5499999999999971578291 
225.633437499999985220711 49.5499999999999971578291 
225.633437499999985220711 39.6399999999999934630068 

217.511249999999989768185 49.5499999999999971578291 
217.511249999999989768185 39.6399999999999934630068 
225.633437499999985220711 39.6399999999999934630068 
225.633437499999985220711 49.5499999999999971578291 
217.511249999999989768185 49.5499999999999971578291 

233.755624999999980673238 39.6399999999999934630068 
233.755624999999980673238 29.729999999999996873612 
241.877812499999976125764 29.729999999999996873612 
241.877812499999976125764 39.6399999999999934630068 
233.755624999999980673238 39.6399999999999934630068 

233.755624999999980673238 49.5499999999999971578291 
233.755624999999980673238 39.6399999999999934630068 
241.877812499999976125764 39.6399999999999934630068 
241.877812499999976125764 49.5499999999999971578291 
233.755624999999980673238 49.5499999999999971578291 

