4.92758462585418843815432 21.4542187499999990052402 
5 21.4542187499999990052402 
5 21.6609340929503204620232 
4.92758462585418843815432 21.4542187499999990052402 

4.93795638307344830764123 22 
4.74676131812843138391145 21.4542187499999990052402 
4.93795638307344830764123 21.4542187499999990052402 
5 21.6279408773943409016738 
5 22 
4.93795638307344830764123 22 

4.56687782212733495157408 21.4542187499999990052402 
4.75380315577891376932484 21.4542187499999990052402 
4.94872503077891412459621 22 
4.75807288707235276348229 22 
4.56687782212733495157408 21.4542187499999990052402 

4.75380315577891376932484 22 
4.56260809083389684559506 21.4542187499999990052402 
4.67139136547441502500533 21.4542187499999990052402 
4.86631324047441449209828 22 
4.75380315577891376932484 22 

4.48019630052939810127555 21.4542187499999990052402 
4.56619506494501692372978 21.4542187499999990052402 
4.76111693994501639082273 22 
4.67139136547441502500533 22 
4.48019630052939810127555 21.4542187499999990052402 

4.375 22 
4.375 21.6279408773943409016738 
4.5078782580734486629126 22 
4.375 22 

4.375 21.6609340929503204620232 
4.375 21.4542187499999990052402 
4.56992187499999946709295 22 
4.49377969079920536188411 22 
4.375 21.6609340929503204620232 

4.56619506494501692372978 22 
4.375 21.4542187499999990052402 
4.49377969079920536188411 21.4542187499999990052402 
4.68870156579920571715547 22 
4.56619506494501692372978 22 

2.3440569991771456059837 20.4949999999999974420462 
2.5 20.1753948198135582003943 
2.5 20.4949999999999974420462 
2.3440569991771456059837 20.4949999999999974420462 

0.115128821326775820921284 21.7424999999999997157829 
0.118431643095320213165955 21.7424999999999997157829 
0 22 
0.115128821326775820921284 21.7424999999999997157829 

0.402009354844080624147296 21.1187499999999985789145 
0.413785298022813552432098 21.1187499999999985789145 
0.118431643095320213165955 21.7424999999999997157829 
0.115128821326775820921284 21.7424999999999997157829 
0.402009354844080624147296 21.1187499999999985789145 

0.625 20.6478216312613405136744 
0.625 20.685865468297755853655 
0.413785298022813552432098 21.1187499999999985789145 
0.402009354844080624147296 21.1187499999999985789145 
0.625 20.6478216312613405136744 

0.625 20.6478216312613405136744 
0.69736300977157394953565 20.4949999999999974420462 
0.718127820589293142106158 20.4949999999999974420462 
0.625 20.685865468297755853655 
0.625 20.6478216312613405136744 

1.00170553233805348369856 19.8712499999999998578915 
1.03202352418116571897144 19.8712499999999998578915 
0.718127820589293142106158 20.4949999999999974420462 
0.69736300977157394953565 20.4949999999999974420462 
1.00170553233805348369856 19.8712499999999998578915 

1.25 19.3778578559472514086792 
1.25 19.4516997781676970191711 
1.03202352418116571897144 19.8712499999999998578915 
1.00170553233805348369856 19.8712499999999998578915 
1.25 19.3778578559472514086792 

1.25 19.3778578559472514086792 
1.31560123592992628260845 19.2474999999999987210231 
1.35609158496828108297905 19.2474999999999987210231 
1.25 19.4516997781676970191711 
1.25 19.3778578559472514086792 

1.63966929671704142457145 18.6237499999999975841547 
1.69101339180095422420891 18.6237499999999975841547 
1.35609158496828108297905 19.2474999999999987210231 
1.31560123592992628260845 19.2474999999999987210231 
1.63966929671704142457145 18.6237499999999975841547 

1.875 18.1854759814733988321223 
1.875 18.2925741052417158982735 
1.69101339180095422420891 18.6237499999999975841547 
1.63966929671704142457145 18.6237499999999975841547 
1.875 18.1854759814733988321223 

2.42758462585418888224353 21.4542187499999990052402 
2.5 21.4542187499999990052402 
2.5 21.6609340929503204620232 
2.42758462585418888224353 21.4542187499999990052402 

2.4522622513306333580374 22 
2.26106718638561643430762 21.4542187499999990052402 
2.43795638307344875173044 21.4542187499999990052402 
2.5 21.6279408773943409016738 
2.5 22 
2.4522622513306333580374 22 

2.40183474852836376101095 19.8168749999999995736744 
2.22422307385315454197894 19.2710937499999985789145 
2.44608503161858781282945 19.2710937499999985789145 
2.5 19.4338259730027189675639 
2.5 19.8168749999999995736744 
2.40183474852836376101095 19.8168749999999995736744 

2.36311753103499944117516 19.8168749999999995736744 
2.18550585635979066623236 19.2710937499999985789145 
2.2899253963336314576793 19.2710937499999985789145 
2.47074870405938895601139 19.8168749999999995736744 
2.36311753103499944117516 19.8168749999999995736744 

2.22712381008823268047081 19.8168749999999995736744 
2.0495121354130234614388 19.2710937499999985789145 
2.22522299765856379494267 19.2710937499999985789145 
2.40604630538432129327475 19.8168749999999995736744 
2.22712381008823268047081 19.8168749999999995736744 

1.875 19.8168749999999995736744 
1.875 19.4549355268762482751299 
1.99491451286894538874606 19.8168749999999995736744 
1.875 19.8168749999999995736744 

1.875 19.6201285261731079856418 
1.875 19.2710937499999985789145 
2.05582330772575705424288 19.8168749999999995736744 
1.93902651374123990990483 19.8168749999999995736744 
1.875 19.6201285261731079856418 

2.0526116746752087749428 19.8168749999999995736744 
1.875 19.2710937499999985789145 
2.0526116746752087749428 19.2710937499999985789145 
2.23343498240096627327489 19.8168749999999995736744 
2.0526116746752087749428 19.8168749999999995736744 

2.04971093844013063645093 18.7253124999999975841547 
1.87819201636265509236523 18.1795312499999965893949 
2.09396122153035513235864 18.1795312499999965893949 
2.26847335694337859379743 18.7253124999999975841547 
2.04971093844013063645093 18.7253124999999975841547 

1.875 18.7253124999999975841547 
1.875 18.1854759814733988321223 
2.04761132298335501999986 18.7253124999999975841547 
1.875 18.7253124999999975841547 

2.01099372094676676070435 18.7253124999999975841547 
1.875 18.2925741052417158982735 
1.875 18.1854759814733988321223 
1.87819201636265509236523 18.1795312499999965893949 
1.93780158624539877720849 18.1795312499999965893949 
2.11231372165842223864729 18.7253124999999975841547 
2.01099372094676676070435 18.7253124999999975841547 

1.67158664551473945536486 18.7253124999999975841547 
1.63966929671704142457145 18.6237499999999975841547 
1.875 18.1854759814733988321223 
1.875 18.7253124999999975841547 
1.67158664551473945536486 18.7253124999999975841547 

1.58690270365300700738942 18.7253124999999975841547 
1.63966929671704142457145 18.6237499999999975841547 
1.69101339180095422420891 18.6237499999999975841547 
1.72348773706819313744631 18.7253124999999975841547 
1.58690270365300700738942 18.7253124999999975841547 

1.76141483906603091291743 19.2710937499999985789145 
1.875 19.2710937499999985789145 
1.875 19.6201285261731079856418 
1.76141483906603091291743 19.2710937499999985789145 

1.70848256053142733001948 19.8168749999999995736744 
1.53087088585621811098747 19.2710937499999985789145 
1.81409120514318811245857 19.2710937499999985789145 
1.875 19.4549355268762482751299 
1.875 19.8168749999999995736744 
1.70848256053142733001948 19.8168749999999995736744 

1.84609878092776313884826 19.2710937499999985789145 
1.67158664551473945536486 18.7253124999999975841547 
1.875 18.7253124999999975841547 
1.875 19.2710937499999985789145 
1.84609878092776313884826 19.2710937499999985789145 

1.76141483906603091291743 19.2710937499999985789145 
1.58690270365300700738942 18.7253124999999975841547 
1.72348773706819313744631 18.7253124999999975841547 
1.875 19.1908931123356829573368 
1.875 19.2710937499999985789145 
1.76141483906603091291743 19.2710937499999985789145 

1.53087088585621811098747 19.2710937499999985789145 
1.44418936425828059455512 19 
1.58690270365300700738942 18.7253124999999975841547 
1.63647953046797889342656 18.7253124999999975841547 
1.81409120514318811245857 19.2710937499999985789145 
1.53087088585621811098747 19.2710937499999985789145 

1.875 18.1854759814733988321223 
1.97459110354971478784591 18 
2.03754116957873199211804 18 
1.875 18.2925741052417158982735 
1.875 18.1854759814733988321223 

1.87819201636265509236523 18.1795312499999965893949 
1.97459110354971478784591 18 
2.03754116957873199211804 18 
2.09396122153035513235864 18.1795312499999965893949 
1.87819201636265509236523 18.1795312499999965893949 

2.22422307385315454197894 19.2710937499999985789145 
2.04971093844013063645093 18.7253124999999975841547 
2.26847335694337859379743 18.7253124999999975841547 
2.44608503161858781282945 19.2710937499999985789145 
2.22422307385315454197894 19.2710937499999985789145 

2.18550585635979066623236 19.2710937499999985789145 
2.01099372094676676070435 18.7253124999999975841547 
2.11231372165842223864729 18.7253124999999975841547 
2.2899253963336314576793 19.2710937499999985789145 
2.18550585635979066623236 19.2710937499999985789145 

1.875 19.2710937499999985789145 
1.875 18.7253124999999975841547 
2.0526116746752087749428 19.2710937499999985789145 
1.875 19.2710937499999985789145 

2.0495121354130234614388 19.2710937499999985789145 
1.875 18.7253124999999975841547 
2.04761132298335501999986 18.7253124999999975841547 
2.22522299765856379494267 19.2710937499999985789145 
2.0495121354130234614388 19.2710937499999985789145 

2.4079471178139901788029 20.3626562499999970157205 
2.5 20.3626562499999970157205 
2.5 20.6354765412525011925027 
2.4079471178139901788029 20.3626562499999970157205 

2.41758820969550081159127 20.9084374999999980104803 
2.23343498240096627327489 20.3626562499999970157205 
2.41758820969550081159127 20.3626562499999970157205 
2.5 20.602405024838020608513 
2.5 20.9084374999999980104803 
2.41758820969550081159127 20.9084374999999980104803 

2.11984982146699696414771 20.3626562499999970157205 
2.23997653502029159255926 20.3626562499999970157205 
2.42758462585418888224353 20.9084374999999980104803 
2.30400304876153150246409 20.9084374999999980104803 
2.11984982146699696414771 20.3626562499999970157205 

2.23997653502029159255926 20.9084374999999980104803 
2.05582330772575705424288 20.3626562499999970157205 
2.17906774016347970501783 20.3626562499999970157205 
2.36667583099737699470211 20.9084374999999980104803 
2.23997653502029159255926 20.9084374999999980104803 

1.88930586825718460630696 20.3626562499999970157205 
2.05915322729453409422717 20.3626562499999970157205 
2.24676131812843138391145 20.9084374999999980104803 
2.07345909555171914462335 20.9084374999999980104803 
1.88930586825718460630696 20.3626562499999970157205 

1.70848256053142733001948 19.8168749999999995736744 
1.875 19.8168749999999995736744 
1.875 20.3194766690159838162799 
1.70848256053142733001948 19.8168749999999995736744 

2.40183474852836376101095 19.8168749999999995736744 
2.5 19.8168749999999995736744 
2.5 20.1131684055824813128766 
2.40183474852836376101095 19.8168749999999995736744 

2.36311753103499944117516 19.8168749999999995736744 
2.47074870405938895601139 19.8168749999999995736744 
2.5 19.9035680712924865076729 
2.5 20.2300290671079210369498 
2.36311753103499944117516 19.8168749999999995736744 

2.4079471178139901788029 20.3626562499999970157205 
2.22712381008823268047081 19.8168749999999995736744 
2.40604630538432129327475 19.8168749999999995736744 
2.5 20.0953287943907383805708 
2.5 20.3626562499999970157205 
2.4079471178139901788029 20.3626562499999970157205 

2.23343498240096627327489 20.3626562499999970157205 
2.0526116746752087749428 19.8168749999999995736744 
2.23343498240096627327489 19.8168749999999995736744 
2.41758820969550081159127 20.3626562499999970157205 
2.23343498240096627327489 20.3626562499999970157205 

1.93902651374123990990483 19.8168749999999995736744 
2.05582330772575705424288 19.8168749999999995736744 
2.23997653502029159255926 20.3626562499999970157205 
2.11984982146699696414771 20.3626562499999970157205 
1.93902651374123990990483 19.8168749999999995736744 

1.875 20.3194766690159838162799 
1.875 19.8168749999999995736744 
2.05915322729453409422717 20.3626562499999970157205 
1.88930586825718460630696 20.3626562499999970157205 
1.875 20.3194766690159838162799 

2.05582330772575705424288 20.3626562499999970157205 
1.875 19.8168749999999995736744 
1.99491451286894538874606 19.8168749999999995736744 
2.17906774016347970501783 20.3626562499999970157205 
2.05582330772575705424288 20.3626562499999970157205 

4.75904115888593004513041 19.8168749999999995736744 
4.58142948421072127018761 19.2710937499999985789145 
5 19.2710937499999985789145 
5 19.8168749999999995736744 
4.75904115888593004513041 19.8168749999999995736744 

4.72712381008823268047081 19.8168749999999995736744 
4.54951213541302301734959 19.2710937499999985789145 
4.90766776864808207392343 19.2710937499999985789145 
5 19.549781278042384968785 
5 19.8168749999999995736744 
4.72712381008823268047081 19.8168749999999995736744 

4.63929319627314651341976 19.8168749999999995736744 
4.46168152159793685029854 19.2710937499999985789145 
4.83299962017490702947953 19.2710937499999985789145 
5 19.7751530839308244935637 
5 19.8168749999999995736744 
4.63929319627314651341976 19.8168749999999995736744 

4.375 19.8168749999999995736744 
4.375 19.2710937499999985789145 
4.55582330772575705424288 19.8168749999999995736744 
4.375 19.8168749999999995736744 

4.5526116746752087749428 19.8168749999999995736744 
4.375 19.2710937499999985789145 
4.5526116746752087749428 19.2710937499999985789145 
4.73343498240096582918568 19.8168749999999995736744 
4.5526116746752087749428 19.8168749999999995736744 

3.51788132460150082536643 19.8168749999999995736744 
3.34026964992629160633442 19.2710937499999985789145 
3.75 19.2710937499999985789145 
3.75 19.8168749999999995736744 
3.51788132460150082536643 19.8168749999999995736744 

3.38929319627314651341976 19.8168749999999995736744 
3.21168152159793729438775 19.2710937499999985789145 
3.58299962017490702947953 19.2710937499999985789145 
3.75 19.7751530839308244935637 
3.75 19.8168749999999995736744 
3.38929319627314651341976 19.8168749999999995736744 

3.17756487526178998948012 19.2710937499999985789145 
3.23459054718568106423504 19.2710937499999985789145 
3.41541385491143856256713 19.8168749999999995736744 
3.35517654993699876442292 19.8168749999999995736744 
3.17756487526178998948012 19.2710937499999985789145 

3.69640492784570273698819 18.7253124999999975841547 
3.52488600576822674881328 18.1795312499999965893949 
3.75 18.1795312499999965893949 
3.75 18.7253124999999975841547 
3.69640492784570273698819 18.7253124999999975841547 

3.48098540958481317275641 18.7253124999999975841547 
3.44906806078711491991839 18.6237499999999975841547 
3.68759078043272880975678 18.1795312499999965893949 
3.75 18.1795312499999965893949 
3.75 18.7253124999999975841547 
3.48098540958481317275641 18.7253124999999975841547 

3.31828063492031111181291 18.7253124999999975841547 
3.28636328612261285897489 18.6237499999999975841547 
3.52488600576822674881328 18.1795312499999965893949 
3.70671000127711769422945 18.1795312499999965893949 
3.75 18.3149193681933510902127 
3.75 18.7253124999999975841547 
3.31828063492031111181291 18.7253124999999975841547 

3.23359669305857888588207 18.7253124999999975841547 
3.28636328612261285897489 18.6237499999999975841547 
3.45992180683267314122986 18.6237499999999975841547 
3.49239615209991205446727 18.7253124999999975841547 
3.23359669305857888588207 18.7253124999999975841547 

2.5 19.8168749999999995736744 
2.5 19.4338259730027189675639 
2.62690833934434531116153 19.8168749999999995736744 
2.5 19.8168749999999995736744 

3.09088335366385225100316 19 
3.125 18.9343339849644998196254 
3.125 19.1066987452711032346997 
3.09088335366385225100316 19 

3.125 22 
3.125 21.7098445060280518248419 
3.22862696213283761892399 22 
3.125 22 

3.125 21.9411544724363771763365 
3.125 21.6279408773943409016738 
3.2578782580734486629126 22 
3.14561443932756956698427 22 
3.125 21.9411544724363771763365 

3.125 21.6609340929503204620232 
3.125 21.4542187499999990052402 
3.31992187499999991118216 22 
3.24377969079920580597332 22 
3.125 21.6609340929503204620232 

3.31619506494501692372978 22 
3.125 21.4542187499999990052402 
3.18986472241779406289197 21.4542187499999990052402 
3.38478659741779397407413 22 
3.31619506494501692372978 22 

3.57011650399890401175185 20.3626562499999970157205 
3.75 20.3626562499999970157205 
3.75 20.8957831505936226790254 
3.57011650399890401175185 20.3626562499999970157205 

3.72015308495729080107139 20.9084374999999980104803 
3.53599985766275626275501 20.3626562499999970157205 
3.5995670822059726567943 20.3626562499999970157205 
3.75 20.800289113006229513303 
3.75 20.9084374999999980104803 
3.72015308495729080107139 20.9084374999999980104803 

2.86497653502029159255926 20.9084374999999980104803 
2.68082330772575705424288 20.3626562499999970157205 
2.81106156663887984947792 20.3626562499999970157205 
2.99866965747277713916219 20.9084374999999980104803 
2.86497653502029159255926 20.9084374999999980104803 

2.58265805625412081525383 20.3626562499999970157205 
2.68415322729453409422717 20.3626562499999970157205 
2.87176131812843138391145 20.9084374999999980104803 
2.76681128354865535357021 20.9084374999999980104803 
2.58265805625412081525383 20.3626562499999970157205 

2.72809406605529147782363 20.9084374999999980104803 
2.54394083876075693950725 20.3626562499999970157205 
2.65490193135392305023856 20.3626562499999970157205 
2.84251002218782033992284 20.9084374999999980104803 
2.72809406605529147782363 20.9084374999999980104803 

2.5 20.9084374999999980104803 
2.5 20.602405024838020608513 
2.60519630052939810127555 20.9084374999999980104803 
2.5 20.9084374999999980104803 

2.5 20.6354765412525011925027 
2.5 20.3626562499999970157205 
2.68760809083389684559506 20.9084374999999980104803 
2.59210034510852427303007 20.9084374999999980104803 
2.5 20.6354765412525011925027 

2.68415322729453409422717 20.9084374999999980104803 
2.5 20.3626562499999970157205 
2.59019953267885583159114 20.3626562499999970157205 
2.77780762351275312127541 20.9084374999999980104803 
2.68415322729453409422717 20.9084374999999980104803 

2.5 20.3626562499999970157205 
2.5 20.0953287943907383805708 
2.59019953267885583159114 20.3626562499999970157205 
2.5 20.3626562499999970157205 

2.54394083876075693950725 20.3626562499999970157205 
2.5 20.2300290671079210369498 
2.5 19.9035680712924865076729 
2.65490193135392305023856 20.3626562499999970157205 
2.54394083876075693950725 20.3626562499999970157205 

2.5 20.1131684055824813128766 
2.5 19.8168749999999995736744 
2.68415322729453409422717 20.3626562499999970157205 
2.58265805625412081525383 20.3626562499999970157205 
2.5 20.1131684055824813128766 

2.68082330772575705424288 20.3626562499999970157205 
2.5 19.8168749999999995736744 
2.62690833934434531116153 19.8168749999999995736744 
2.81106156663887984947792 20.3626562499999970157205 
2.68082330772575705424288 20.3626562499999970157205 

2.41758820969550081159127 20.9084374999999980104803 
2.5 20.9084374999999980104803 
2.5 21.1481862748380216032729 
2.41758820969550081159127 20.9084374999999980104803 

2.49161113959542879214837 21.4542187499999990052402 
2.30400304876153150246409 20.9084374999999980104803 
2.42758462585418888224353 20.9084374999999980104803 
2.5 21.1151528429503194672634 
2.5 21.4542187499999990052402 
2.49161113959542879214837 21.4542187499999990052402 

2.42758462585418888224353 21.4542187499999990052402 
2.23997653502029159255926 20.9084374999999980104803 
2.36667583099737699470211 20.9084374999999980104803 
2.5 21.2890217563686867663364 
2.5 21.4542187499999990052402 
2.42758462585418888224353 21.4542187499999990052402 

2.07345909555171914462335 20.9084374999999980104803 
2.24676131812843138391145 20.9084374999999980104803 
2.43795638307344875173044 21.4542187499999990052402 
2.26106718638561643430762 21.4542187499999990052402 
2.07345909555171914462335 20.9084374999999980104803 

3.05258462585418888224353 21.4542187499999990052402 
3.125 21.4542187499999990052402 
3.125 21.6609340929503204620232 
3.05258462585418888224353 21.4542187499999990052402 

2.95441937438255264325448 21.4542187499999990052402 
3.06295638307344875173044 21.4542187499999990052402 
3.125 21.6279408773943409016738 
3.125 21.9411544724363771763365 
2.95441937438255264325448 21.4542187499999990052402 

3.10689722183420569123768 22 
2.9157021568891887675079 21.4542187499999990052402 
3.03370508713283770774183 21.4542187499999990052402 
3.125 21.7098445060280518248419 
3.125 22 
3.10689722183420569123768 22 

3.06295638307344875173044 22 
2.87176131812843138391145 21.4542187499999990052402 
2.96900268845777004500519 21.4542187499999990052402 
3.125 21.8910112223182409252331 
3.125 22 
3.06295638307344875173044 22 

2.77970843594242156271434 21.4542187499999990052402 
2.87880315577891421341405 21.4542187499999990052402 
3.07372503077891412459621 22 
2.97090350088743893053334 22 
2.77970843594242156271434 21.4542187499999990052402 

2.87880315577891421341405 22 
2.68760809083389684559506 21.4542187499999990052402 
2.79639136547441502500533 21.4542187499999990052402 
2.99131324047441493618749 22 
2.87880315577891421341405 22 

2.60519630052939810127555 21.4542187499999990052402 
2.69119506494501692372978 21.4542187499999990052402 
2.88611693994501683491194 22 
2.79639136547441502500533 22 
2.60519630052939810127555 21.4542187499999990052402 

2.5 22 
2.5 21.6279408773943409016738 
2.6328782580734486629126 22 
2.5 22 

2.5 21.6609340929503204620232 
2.5 21.4542187499999990052402 
2.69492187499999991118216 22 
2.61877969079920580597332 22 
2.5 21.6609340929503204620232 

2.69119506494501692372978 22 
2.5 21.4542187499999990052402 
2.61877969079920580597332 21.4542187499999990052402 
2.81370156579920571715547 22 
2.69119506494501692372978 22 

3.05258462585418888224353 21.4542187499999990052402 
2.86497653502029159255926 20.9084374999999980104803 
2.99866965747277713916219 20.9084374999999980104803 
3.125 21.2690573323019656015731 
3.125 21.4542187499999990052402 
3.05258462585418888224353 21.4542187499999990052402 

2.76681128354865535357021 20.9084374999999980104803 
2.87176131812843138391145 20.9084374999999980104803 
3.06295638307344875173044 21.4542187499999990052402 
2.95441937438255264325448 21.4542187499999990052402 
2.76681128354865535357021 20.9084374999999980104803 

2.9157021568891887675079 21.4542187499999990052402 
2.72809406605529147782363 20.9084374999999980104803 
2.84251002218782033992284 20.9084374999999980104803 
3.03370508713283770774183 21.4542187499999990052402 
2.9157021568891887675079 21.4542187499999990052402 

2.87176131812843138391145 21.4542187499999990052402 
2.68415322729453409422717 20.9084374999999980104803 
2.77780762351275312127541 20.9084374999999980104803 
2.96900268845777004500519 21.4542187499999990052402 
2.87176131812843138391145 21.4542187499999990052402 

2.59210034510852427303007 20.9084374999999980104803 
2.68760809083389684559506 20.9084374999999980104803 
2.87880315577891421341405 21.4542187499999990052402 
2.77970843594242156271434 21.4542187499999990052402 
2.59210034510852427303007 20.9084374999999980104803 

2.5 21.4542187499999990052402 
2.5 21.1151528429503194672634 
2.61877969079920580597332 21.4542187499999990052402 
2.5 21.4542187499999990052402 

2.5 21.1481862748380216032729 
2.5 20.9084374999999980104803 
2.69119506494501692372978 21.4542187499999990052402 
2.60519630052939810127555 21.4542187499999990052402 
2.5 21.1481862748380216032729 

2.68760809083389684559506 21.4542187499999990052402 
2.5 20.9084374999999980104803 
2.60519630052939810127555 20.9084374999999980104803 
2.79639136547441502500533 21.4542187499999990052402 
2.68760809083389684559506 21.4542187499999990052402 

4.67035365492749310334375 20.4949999999999974420462 
4.97469617749397219341745 19.8712499999999998578915 
5 19.8712499999999998578915 
5 20.4949999999999974420462 
4.67035365492749310334375 20.4949999999999974420462 

4.64986763491886456733937 20.4949999999999974420462 
4.95421015748534454559149 19.8712499999999998578915 
5 19.8712499999999998578915 
5 20.377016686022891178709 
4.9406261236826534144484 20.4949999999999974420462 
4.64986763491886456733937 20.4949999999999974420462 

4.64559790362542646136035 20.4949999999999974420462 
4.94994042619190555143405 19.8712499999999998578915 
5 19.8712499999999998578915 
5 20.2132541572140631558341 
4.85821433337815378195046 20.4949999999999974420462 
4.64559790362542646136035 20.4949999999999974420462 

4.61412400118378140945197 20.4949999999999974420462 
4.91846652375026138770409 19.8712499999999998578915 
5 19.8712499999999998578915 
5 20.0042159585245826747268 
4.75301803284875568067491 20.4949999999999974420462 
4.61412400118378140945197 20.4949999999999974420462 

4.375 19.8712499999999998578915 
4.62952182727452576926908 19.8712499999999998578915 
4.375 20.377016686022891178709 
4.375 19.8712499999999998578915 

4.375 19.906383677849301960805 
4.39214256055101337494762 19.8712499999999998578915 
4.68889570359187235482068 19.8712499999999998578915 
4.375 20.4949999999999974420462 
4.375 19.906383677849301960805 

4.375 20.4949999999999974420462 
4.6793425225664790900737 19.8712499999999998578915 
4.99323822615835144489438 19.8712499999999998578915 
4.6793425225664790900737 20.4949999999999974420462 
4.375 20.4949999999999974420462 

3.22598909098870745282284 21.7424999999999997157829 
3.51286962450601247809345 21.1187499999999985789145 
3.75 21.1187499999999985789145 
3.75 21.2213277716836330455408 
3.50321824051311425662902 21.7424999999999997157829 
3.22598909098870745282284 21.7424999999999997157829 

3.15357371684289677915558 21.7424999999999997157829 
3.44045425036020136033699 21.1187499999999985789145 
3.7337071730228132970808 21.1187499999999985789145 
3.43835351809532019373705 21.7424999999999997157829 
3.15357371684289677915558 21.7424999999999997157829 

3.125 21.1187499999999985789145 
3.42035365492749310334375 21.1187499999999985789145 
3.125 21.7424999999999997157829 
3.125 21.1187499999999985789145 

3.125 21.7424999999999997157829 
3.125 21.6279408773943409016738 
3.35919150391829024471235 21.1187499999999985789145 
3.46126762728665626767111 21.1187499999999985789145 
3.16591397235916272023815 21.7424999999999997157829 
3.125 21.7424999999999997157829 

3.125 21.6609340929503204620232 
3.125 21.4542187499999990052402 
3.27929170978498296662451 21.1187499999999985789145 
3.52331124421320751594067 21.1187499999999985789145 
3.22795758928571396850771 21.7424999999999997157829 
3.15357371684289677915558 21.7424999999999997157829 
3.125 21.6609340929503204620232 

3.22598909098870745282284 21.7424999999999997157829 
3.125 21.4542187499999990052402 
3.27929170978498296662451 21.1187499999999985789145 
3.58817596663100157883264 21.1187499999999985789145 
3.29282231170350847548889 21.7424999999999997157829 
3.22598909098870745282284 21.7424999999999997157829 

3.125 21.7424999999999997157829 
3.41188053351730458118141 21.1187499999999985789145 
3.67166355609626204881124 21.1187499999999985789145 
3.37630990116876894546749 21.7424999999999997157829 
3.125 21.7424999999999997157829 

3.05258462585418888224353 21.4542187499999990052402 
2.93726983312004108483961 21.1187499999999985789145 
3.125 21.1187499999999985789145 
3.125 21.4542187499999990052402 
3.05258462585418888224353 21.4542187499999990052402 

3.01669124787789666441995 21.7424999999999997157829 
2.9157021568891887675079 21.4542187499999990052402 
3.06999386667417217822162 21.1187499999999985789145 
3.125 21.1187499999999985789145 
3.125 21.7424999999999997157829 
3.01669124787789666441995 21.7424999999999997157829 

2.88069752693112945962639 21.7424999999999997157829 
3.125 21.2113253479300070125646 
3.125 21.7424999999999997157829 
2.88069752693112945962639 21.7424999999999997157829 

2.97275040911713928082349 21.7424999999999997157829 
2.87176131812843138391145 21.4542187499999990052402 
3.02605302791341479462517 21.1187499999999985789145 
3.125 21.1187499999999985789145 
3.125 21.6304867365595185901839 
3.07196027774348445760211 21.7424999999999997157829 
2.97275040911713928082349 21.7424999999999997157829 

2.83910458164840528993977 21.1187499999999985789145 
3.125 21.1187499999999985789145 
3.125 21.3231903865032386136136 
3.06295638307344875173044 21.4542187499999990052402 
2.95441937438255264325448 21.4542187499999990052402 
2.83910458164840528993977 21.1187499999999985789145 

2.9157021568891887675079 21.4542187499999990052402 
2.80038736415504097010398 21.1187499999999985789145 
3.125 21.1187499999999985789145 
3.125 21.2614153058886614644507 
3.03370508713283770774183 21.4542187499999990052402 
2.9157021568891887675079 21.4542187499999990052402 

2.78859718182260474250711 21.7424999999999997157829 
3.07547771533990976777773 21.1187499999999985789145 
3.125 21.1187499999999985789145 
3.125 21.710283100988831961331 
3.10974488356973521874238 21.7424999999999997157829 
2.78859718182260474250711 21.7424999999999997157829 

2.77970843594242156271434 21.4542187499999990052402 
2.93400014572740497342807 21.1187499999999985789145 
3.125 21.1187499999999985789145 
3.125 21.4399965984833613674709 
2.98176074506462818192176 21.7424999999999997157829 
2.88069752693112945962639 21.7424999999999997157829 
2.77970843594242156271434 21.4542187499999990052402 

2.87176131812843138391145 21.4542187499999990052402 
2.75644652539428403059674 21.1187499999999985789145 
3.125 21.1187499999999985789145 
3.125 21.1247719276867513826801 
2.96900268845777004500519 21.4542187499999990052402 
2.87176131812843138391145 21.4542187499999990052402 

2.70618539151810599818759 21.7424999999999997157829 
2.993065925035410579369 21.1187499999999985789145 
3.125 21.1187499999999985789145 
3.125 21.4881216638083110126445 
3.00454858304033711746683 21.7424999999999997157829 
2.70618539151810599818759 21.7424999999999997157829 

2.78859718182260474250711 21.7424999999999997157829 
2.68760809083389684559506 21.4542187499999990052402 
2.84189980061888025630878 21.1187499999999985789145 
3.125 21.1187499999999985789145 
3.125 21.2659531988340475550103 
2.89934895476012943760225 21.7424999999999997157829 
2.78859718182260474250711 21.7424999999999997157829 

2.66439364320827420939963 21.1187499999999985789145 
3.03765192760489810552826 21.1187499999999985789145 
2.87880315577891421341405 21.4542187499999990052402 
2.77970843594242156271434 21.4542187499999990052402 
2.66439364320827420939963 21.1187499999999985789145 

2.60519630052939810127555 21.4542187499999990052402 
2.75948801031438151198927 21.1187499999999985789145 
3.08950630915822443967045 21.1187499999999985789145 
2.79415265423073089223749 21.7424999999999997157829 
2.70618539151810599818759 21.7424999999999997157829 
2.60519630052939810127555 21.4542187499999990052402 

2.60098909098870745282284 21.7424999999999997157829 
2.88786962450601247809345 21.1187499999999985789145 
3.125 21.1187499999999985789145 
3.125 21.3351894455341266620962 
2.93213320889452599971037 21.7424999999999997157829 
2.60098909098870745282284 21.7424999999999997157829 

2.68760809083389684559506 21.4542187499999990052402 
2.57229329809974949228035 21.1187499999999985789145 
2.95524013730039891711954 21.1187499999999985789145 
2.79639136547441502500533 21.4542187499999990052402 
2.68760809083389684559506 21.4542187499999990052402 

2.52857371684289677915558 21.7424999999999997157829 
2.81545425036020136033699 21.1187499999999985789145 
3.1087071730228132970808 21.1187499999999985789145 
2.81335351809532019373705 21.7424999999999997157829 
2.52857371684289677915558 21.7424999999999997157829 

2.5 21.1187499999999985789145 
2.79535365492749310334375 21.1187499999999985789145 
2.5 21.7424999999999997157829 
2.5 21.1187499999999985789145 

2.5 21.7424999999999997157829 
2.5 21.6279408773943409016738 
2.73419150391829024471235 21.1187499999999985789145 
2.83626762728665626767111 21.1187499999999985789145 
2.54091397235916272023815 21.7424999999999997157829 
2.5 21.7424999999999997157829 

2.5 21.1481862748380216032729 
2.5 21.1187499999999985789145 
2.85004383677100081584399 21.1187499999999985789145 
2.69119506494501692372978 21.4542187499999990052402 
2.60519630052939810127555 21.4542187499999990052402 
2.5 21.1481862748380216032729 

2.5 21.6609340929503204620232 
2.5 21.4542187499999990052402 
2.65429170978498296662451 21.1187499999999985789145 
2.89831124421320751594067 21.1187499999999985789145 
2.60295758928571396850771 21.7424999999999997157829 
2.52857371684289677915558 21.7424999999999997157829 
2.5 21.6609340929503204620232 

2.60098909098870745282284 21.7424999999999997157829 
2.5 21.4542187499999990052402 
2.65429170978498296662451 21.1187499999999985789145 
3.01709093501241376600319 21.1187499999999985789145 
2.72173728008492021857023 21.7424999999999997157829 
2.60098909098870745282284 21.7424999999999997157829 

2.5 21.7424999999999997157829 
2.78688053351730458118141 21.1187499999999985789145 
3.04666355609626204881124 21.1187499999999985789145 
2.75130990116876894546749 21.7424999999999997157829 
2.5 21.7424999999999997157829 

2.75644652539428403059674 21.1187499999999985789145 
3.05180018032177713394049 20.4949999999999974420462 
3.125 20.4949999999999974420462 
3.125 21.1187499999999985789145 
2.75644652539428403059674 21.1187499999999985789145 

2.66439364320827420939963 21.1187499999999985789145 
2.95974729813576731274338 20.4949999999999974420462 
3.125 20.4949999999999974420462 
3.125 20.939730125626237366987 
3.03765192760489810552826 21.1187499999999985789145 
2.66439364320827420939963 21.1187499999999985789145 

2.65429170978498296662451 21.1187499999999985789145 
2.94964536471247651405747 20.4949999999999974420462 
3.125 20.4949999999999974420462 
3.125 20.897590371307941836676 
3.01709093501241376600319 21.1187499999999985789145 
2.65429170978498296662451 21.1187499999999985789145 

2.57229329809974949228035 21.1187499999999985789145 
2.86764695302724303971331 20.4949999999999974420462 
3.125 20.4949999999999974420462 
3.125 20.7708271613971682256761 
2.95524013730039891711954 21.1187499999999985789145 
2.57229329809974949228035 21.1187499999999985789145 

2.57229329809974949228035 21.1187499999999985789145 
2.53147390244164416372996 21 
2.77059790362542646136035 20.4949999999999974420462 
2.98321433337815422603967 20.4949999999999974420462 
2.67887181081167469187676 21.1187499999999985789145 
2.57229329809974949228035 21.1187499999999985789145 

2.5 20.4949999999999974420462 
2.80434252256647953416291 20.4949999999999974420462 
2.5 21.1187499999999985789145 
2.5 20.4949999999999974420462 

2.5 21.1187499999999985789145 
2.5 21 
2.73912400118378185354118 20.4949999999999974420462 
2.87801803284875612476412 20.4949999999999974420462 
2.57367551028227659060121 21.1187499999999985789145 
2.5 21.1187499999999985789145 

2.5 21.1187499999999985789145 
2.79535365492749310334375 20.4949999999999974420462 
3.125 20.4949999999999974420462 
3.125 20.5552273434621639580655 
2.85004383677100081584399 21.1187499999999985789145 
2.5 21.1187499999999985789145 

2.42758462585418888224353 21.4542187499999990052402 
2.31226983312004108483961 21.1187499999999985789145 
2.5 21.1187499999999985789145 
2.5 21.4542187499999990052402 
2.42758462585418888224353 21.4542187499999990052402 

2.36205627737432388713046 21.7424999999999997157829 
2.26106718638561643430762 21.4542187499999990052402 
2.41535889617059940093213 21.1187499999999985789145 
2.5 21.1187499999999985789145 
2.5 21.7424999999999997157829 
2.36205627737432388713046 21.7424999999999997157829 

2.1457523936514686369037 21.1187499999999985789145 
2.5 21.1187499999999985789145 
2.5 21.3231903865032386136136 
2.43795638307344875173044 21.4542187499999990052402 
2.26106718638561643430762 21.4542187499999990052402 
2.1457523936514686369037 21.1187499999999985789145 

2.1457523936514686369037 21.1187499999999985789145 
2.44110604857896218433666 20.4949999999999974420462 
2.5 20.4949999999999974420462 
2.5 21.1187499999999985789145 
2.1457523936514686369037 21.1187499999999985789145 

2.10493299799336330835331 21 
2.3440569991771456059837 20.4949999999999974420462 
2.5 20.4949999999999974420462 
2.5 20.7507352798277437955221 
2.32043682841070841860187 21.1187499999999985789145 
2.1457523936514686369037 21.1187499999999985789145 
2.10493299799336330835331 21 

2.4522622513306333580374 22 
2.36205627737432388713046 21.7424999999999997157829 
2.5 21.7424999999999997157829 
2.5 22 
2.4522622513306333580374 22 

3.06295638307344875173044 22 
2.97275040911713928082349 21.7424999999999997157829 
3.125 21.7424999999999997157829 
3.125 22 
3.06295638307344875173044 22 

2.88069752693112945962639 21.7424999999999997157829 
3.125 21.7424999999999997157829 
3.125 21.8885153981710516291059 
3.07372503077891412459621 22 
2.97090350088743893053334 22 
2.88069752693112945962639 21.7424999999999997157829 

2.87880315577891421341405 22 
2.78859718182260474250711 21.7424999999999997157829 
3.10974488356973521874238 21.7424999999999997157829 
2.99131324047441493618749 22 
2.87880315577891421341405 22 

2.70618539151810599818759 21.7424999999999997157829 
3.00454858304033711746683 21.7424999999999997157829 
2.88611693994501683491194 22 
2.79639136547441502500533 22 
2.70618539151810599818759 21.7424999999999997157829 

2.69119506494501692372978 22 
2.60098909098870745282284 21.7424999999999997157829 
2.93213320889452599971037 21.7424999999999997157829 
2.81370156579920571715547 22 
2.69119506494501692372978 22 

2.52857371684289677915558 21.7424999999999997157829 
2.81335351809532019373705 21.7424999999999997157829 
2.69492187499999991118216 22 
2.61877969079920580597332 22 
2.52857371684289677915558 21.7424999999999997157829 

2.5 22 
2.5 21.7424999999999997157829 
2.75130990116876894546749 21.7424999999999997157829 
2.6328782580734486629126 22 
2.5 22 

3.72015308495729080107139 20.9084374999999980104803 
3.75 20.9084374999999980104803 
3.75 20.9952668394397150564146 
3.72015308495729080107139 20.9084374999999980104803 

3.125 21.4542187499999990052402 
3.125 21.2690573323019656015731 
3.18986472241779406289197 21.4542187499999990052402 
3.125 21.4542187499999990052402 

3.51286962450601247809345 21.1187499999999985789145 
3.75 20.6179602882536343599895 
3.75 21.1187499999999985789145 
3.51286962450601247809345 21.1187499999999985789145 

3.44045425036020136033699 21.1187499999999985789145 
3.73580790528769490776995 20.4949999999999974420462 
3.75 20.4949999999999974420462 
3.75 21.0853578511102561776624 
3.7337071730228132970808 21.1187499999999985789145 
3.44045425036020136033699 21.1187499999999985789145 

3.41188053351730458118141 21.1187499999999985789145 
3.70723418844479812861437 20.4949999999999974420462 
3.75 20.4949999999999974420462 
3.75 20.9581994582192869813753 
3.67166355609626204881124 21.1187499999999985789145 
3.41188053351730458118141 21.1187499999999985789145 

3.27929170978498296662451 21.1187499999999985789145 
3.57464536471247651405747 20.4949999999999974420462 
3.75 20.4949999999999974420462 
3.75 20.7870916436102355362436 
3.58817596663100157883264 21.1187499999999985789145 
3.27929170978498296662451 21.1187499999999985789145 

3.125 20.4949999999999974420462 
3.42934252256647953416291 20.4949999999999974420462 
3.125 21.1187499999999985789145 
3.125 20.4949999999999974420462 

3.125 21.1187499999999985789145 
3.42035365492749310334375 20.4949999999999974420462 
3.72469617749397263750666 20.4949999999999974420462 
3.42035365492749310334375 21.1187499999999985789145 
3.125 21.1187499999999985789145 

3.31619506494501692372978 22 
3.22598909098870745282284 21.7424999999999997157829 
3.50321824051311425662902 21.7424999999999997157829 
3.38478659741779397407413 22 
3.31619506494501692372978 22 

3.15357371684289677915558 21.7424999999999997157829 
3.43835351809532019373705 21.7424999999999997157829 
3.31992187499999991118216 22 
3.24377969079920580597332 22 
3.15357371684289677915558 21.7424999999999997157829 

3.125 22 
3.125 21.7424999999999997157829 
3.34705860522815790147888 21.7424999999999997157829 
3.22862696213283761892399 22 
3.125 22 

3.125 21.9411544724363771763365 
3.125 21.7424999999999997157829 
3.37630990116876894546749 21.7424999999999997157829 
3.2578782580734486629126 22 
3.14561443932756956698427 22 
3.125 21.9411544724363771763365 

3.57464536471247651405747 20.4949999999999974420462 
3.75 20.1356106749782206577493 
3.75 20.4949999999999974420462 
3.57464536471247651405747 20.4949999999999974420462 

3.42035365492749310334375 20.4949999999999974420462 
3.72469617749397263750666 19.8712499999999998578915 
3.75 19.8712499999999998578915 
3.75 20.4447181417027081806737 
3.72469617749397263750666 20.4949999999999974420462 
3.42035365492749310334375 20.4949999999999974420462 

3.125 19.8712499999999998578915 
3.43889570359187235482068 19.8712499999999998578915 
3.125 20.4949999999999974420462 
3.125 19.8712499999999998578915 

3.125 20.4949999999999974420462 
3.42934252256647953416291 19.8712499999999998578915 
3.74323822615835188898359 19.8712499999999998578915 
3.42934252256647953416291 20.4949999999999974420462 
3.125 20.4949999999999974420462 

3.43889570359187235482068 19.2474999999999987210231 
3.75 18.6487020054884560238406 
3.75 19.2474999999999987210231 
3.43889570359187235482068 19.2474999999999987210231 

3.68143028812924955062158 18.6237499999999975841547 
3.75 18.6237499999999975841547 
3.75 18.6870518797084024242849 
3.44906806078711491991839 19.2474999999999987210231 
3.35736222734213418661398 19.2474999999999987210231 
3.68143028812924955062158 18.6237499999999975841547 

3.125 18.9343339849644998196254 
3.28636328612261285897489 18.6237499999999975841547 
3.45992180683267314122986 18.6237499999999975841547 
3.125 19.2474999999999987210231 
3.125 18.9343339849644998196254 

3.125 19.2474999999999987210231 
3.44906806078711491991839 18.6237499999999975841547 
3.75 18.6237499999999975841547 
3.75 18.6744589211500624514883 
3.44230628694546725299119 19.2474999999999987210231 
3.125 19.2474999999999987210231 

2.79535365492749310334375 20.4949999999999974420462 
3.09969617749397263750666 19.8712499999999998578915 
3.125 19.8712499999999998578915 
3.125 20.4949999999999974420462 
2.79535365492749310334375 20.4949999999999974420462 

2.77059790362542646136035 20.4949999999999974420462 
3.07494042619190599552326 19.8712499999999998578915 
3.125 19.8712499999999998578915 
3.125 20.2132541572140631558341 
2.98321433337815422603967 20.4949999999999974420462 
2.77059790362542646136035 20.4949999999999974420462 

2.73912400118378185354118 20.4949999999999974420462 
3.04346652375026138770409 19.8712499999999998578915 
3.125 19.8712499999999998578915 
3.125 20.0042159585245826747268 
2.87801803284875612476412 20.4949999999999974420462 
2.73912400118378185354118 20.4949999999999974420462 

2.5 20.1753948198135582003943 
2.64839952174362514014661 19.8712499999999998578915 
2.81389570359187235482068 19.8712499999999998578915 
2.5 20.4949999999999974420462 
2.5 20.1753948198135582003943 

2.5 20.4949999999999974420462 
2.80434252256647953416291 19.8712499999999998578915 
3.11823822615835188898359 19.8712499999999998578915 
2.80434252256647953416291 20.4949999999999974420462 
2.5 20.4949999999999974420462 

3.04346652375026138770409 19.8712499999999998578915 
3.125 19.709232791007238461134 
3.125 19.8712499999999998578915 
3.04346652375026138770409 19.8712499999999998578915 

2.80434252256647953416291 19.8712499999999998578915 
3.11823822615835188898359 19.2474999999999987210231 
3.125 19.2474999999999987210231 
3.125 19.8582352757982860680386 
3.11823822615835188898359 19.8712499999999998578915 
2.80434252256647953416291 19.8712499999999998578915 

2.96229522533549793905649 19.2474999999999987210231 
3.125 19.2474999999999987210231 
3.125 19.2724520054884536079953 
2.81389570359187235482068 19.8712499999999998578915 
2.64839952174362514014661 19.8712499999999998578915 
2.96229522533549793905649 19.2474999999999987210231 

3.72469617749397263750666 19.8712499999999998578915 
3.75 19.820968141702710596519 
3.75 19.8712499999999998578915 
3.72469617749397263750666 19.8712499999999998578915 

3.42934252256647953416291 19.8712499999999998578915 
3.74323822615835188898359 19.2474999999999987210231 
3.75 19.2474999999999987210231 
3.75 19.8582352757982860680386 
3.74323822615835188898359 19.8712499999999998578915 
3.42934252256647953416291 19.8712499999999998578915 

3.125 19.2474999999999987210231 
3.44230628694546725299119 19.2474999999999987210231 
3.125 19.8582352757982860680386 
3.125 19.2474999999999987210231 

3.125 19.709232791007238461134 
3.35736222734213418661398 19.2474999999999987210231 
3.44906806078711491991839 19.2474999999999987210231 
3.125 19.8712499999999998578915 
3.125 19.709232791007238461134 

3.125 19.8712499999999998578915 
3.43889570359187235482068 19.2474999999999987210231 
3.75 19.2474999999999987210231 
3.75 19.2724520054884536079953 
3.43889570359187235482068 19.8712499999999998578915 
3.125 19.8712499999999998578915 

4.92758462585418843815432 21.4542187499999990052402 
4.81226983312004108483961 21.1187499999999985789145 
5 21.1187499999999985789145 
5 21.4542187499999990052402 
4.92758462585418843815432 21.4542187499999990052402 

4.84775040911713883673428 21.7424999999999997157829 
4.74676131812843138391145 21.4542187499999990052402 
4.90105302791341479462517 21.1187499999999985789145 
5 21.1187499999999985789145 
5 21.7424999999999997157829 
4.84775040911713883673428 21.7424999999999997157829 

4.66786691311604329257534 21.7424999999999997157829 
4.95474744663334831784596 21.1187499999999985789145 
5 21.1187499999999985789145 
5 21.7424999999999997157829 
4.66786691311604329257534 21.7424999999999997157829 

4.6635971818226042984179 21.7424999999999997157829 
4.95047771533990932368852 21.1187499999999985789145 
5 21.1187499999999985789145 
5 21.710283100988831961331 
4.98474488356973477465317 21.7424999999999997157829 
4.6635971818226042984179 21.7424999999999997157829 

4.74676131812843138391145 21.4542187499999990052402 
4.63144652539428403059674 21.1187499999999985789145 
5 21.1187499999999985789145 
5 21.3231903865032386136136 
4.93795638307344830764123 21.4542187499999990052402 
4.74676131812843138391145 21.4542187499999990052402 

4.58118539151810555409838 21.7424999999999997157829 
4.868065925035410579369 21.1187499999999985789145 
5 21.1187499999999985789145 
5 21.4881216638083110126445 
4.87954858304033667337762 21.7424999999999997157829 
4.58118539151810555409838 21.7424999999999997157829 

4.56687782212733495157408 21.4542187499999990052402 
4.72116953191231836228781 21.1187499999999985789145 
5 21.1187499999999985789145 
5 21.4399965984833613674709 
4.85676074506462818192176 21.7424999999999997157829 
4.66786691311604329257534 21.7424999999999997157829 
4.56687782212733495157408 21.4542187499999990052402 

4.6635971818226042984179 21.7424999999999997157829 
4.56260809083389684559506 21.4542187499999990052402 
4.71689980061888025630878 21.1187499999999985789145 
5 21.1187499999999985789145 
5 21.2659531988340475550103 
4.77434895476012943760225 21.7424999999999997157829 
4.6635971818226042984179 21.7424999999999997157829 

4.48019630052939810127555 21.4542187499999990052402 
4.63448801031438151198927 21.1187499999999985789145 
4.96450630915822443967045 21.1187499999999985789145 
4.66915265423073044814828 21.7424999999999997157829 
4.58118539151810555409838 21.7424999999999997157829 
4.48019630052939810127555 21.4542187499999990052402 

4.47598909098870745282284 21.7424999999999997157829 
4.76286962450601247809345 21.1187499999999985789145 
5 21.1187499999999985789145 
5 21.3351894455341266620962 
4.80713320889452599971037 21.7424999999999997157829 
4.47598909098870745282284 21.7424999999999997157829 

4.45156302939318759825937 21.1187499999999985789145 
4.91265192760489810552826 21.1187499999999985789145 
4.75380315577891376932484 21.4542187499999990052402 
4.56687782212733495157408 21.4542187499999990052402 
4.45156302939318759825937 21.1187499999999985789145 

4.56260809083389684559506 21.4542187499999990052402 
4.44729329809974949228035 21.1187499999999985789145 
4.83024013730039847303033 21.1187499999999985789145 
4.67139136547441502500533 21.4542187499999990052402 
4.56260809083389684559506 21.4542187499999990052402 

4.40357371684289677915558 21.7424999999999997157829 
4.69045425036020091624778 21.1187499999999985789145 
4.98370717302281285299159 21.1187499999999985789145 
4.68835351809531974964784 21.7424999999999997157829 
4.40357371684289677915558 21.7424999999999997157829 

4.375 21.1187499999999985789145 
4.67035365492749310334375 21.1187499999999985789145 
4.375 21.7424999999999997157829 
4.375 21.1187499999999985789145 

4.375 21.7424999999999997157829 
4.375 21.6279408773943409016738 
4.60919150391829024471235 21.1187499999999985789145 
4.7112676272866558235819 21.1187499999999985789145 
4.41591397235916272023815 21.7424999999999997157829 
4.375 21.7424999999999997157829 

4.375 21.1481862748380216032729 
4.375 21.1187499999999985789145 
4.72504383677100037175478 21.1187499999999985789145 
4.56619506494501692372978 21.4542187499999990052402 
4.48019630052939810127555 21.4542187499999990052402 
4.375 21.1481862748380216032729 

4.375 21.6609340929503204620232 
4.375 21.4542187499999990052402 
4.5292917097849825225353 21.1187499999999985789145 
4.77331124421320751594067 21.1187499999999985789145 
4.4779575892857135244185 21.7424999999999997157829 
4.40357371684289677915558 21.7424999999999997157829 
4.375 21.6609340929503204620232 

4.47598909098870745282284 21.7424999999999997157829 
4.375 21.4542187499999990052402 
4.5292917097849825225353 21.1187499999999985789145 
4.89209093501241376600319 21.1187499999999985789145 
4.59673728008491977448102 21.7424999999999997157829 
4.47598909098870745282284 21.7424999999999997157829 

4.375 21.7424999999999997157829 
4.6618805335173041370922 21.1187499999999985789145 
4.92166355609626204881124 21.1187499999999985789145 
4.62630990116876894546749 21.7424999999999997157829 
4.375 21.7424999999999997157829 

4.30258462585418843815432 21.4542187499999990052402 
4.18726983312004108483961 21.1187499999999985789145 
4.375 21.1187499999999985789145 
4.375 21.4542187499999990052402 
4.30258462585418843815432 21.4542187499999990052402 

4.22275040911713883673428 21.7424999999999997157829 
4.12176131812843138391145 21.4542187499999990052402 
4.27605302791341479462517 21.1187499999999985789145 
4.375 21.1187499999999985789145 
4.375 21.7424999999999997157829 
4.22275040911713883673428 21.7424999999999997157829 

4.04286691311604329257534 21.7424999999999997157829 
4.32974744663334831784596 21.1187499999999985789145 
4.375 21.1187499999999985789145 
4.375 21.7424999999999997157829 
4.04286691311604329257534 21.7424999999999997157829 

4.0385971818226042984179 21.7424999999999997157829 
4.32547771533990932368852 21.1187499999999985789145 
4.375 21.1187499999999985789145 
4.375 21.5666309823718869154163 
4.29172375608020750803462 21.7424999999999997157829 
4.0385971818226042984179 21.7424999999999997157829 

4.00875026677989598766771 21.7424999999999997157829 
4.29563080029720012475991 21.1187499999999985789145 
4.375 21.1187499999999985789145 
4.375 21.4881216638083110126445 
4.25454858304033667337762 21.7424999999999997157829 
4.00875026677989598766771 21.7424999999999997157829 

4.12176131812843138391145 21.4542187499999990052402 
4.00644652539428403059674 21.1187499999999985789145 
4.375 21.1187499999999985789145 
4.375 21.3231903865032386136136 
4.31295638307344830764123 21.4542187499999990052402 
4.12176131812843138391145 21.4542187499999990052402 

3.94187782212733539566329 21.4542187499999990052402 
4.09616953191231836228781 21.1187499999999985789145 
4.375 21.1187499999999985789145 
4.375 21.4399965984833613674709 
4.23176074506462818192176 21.7424999999999997157829 
4.04286691311604329257534 21.7424999999999997157829 
3.94187782212733539566329 21.4542187499999990052402 

4.0385971818226042984179 21.7424999999999997157829 
3.93760809083389684559506 21.4542187499999990052402 
4.09189980061888025630878 21.1187499999999985789145 
4.375 21.1187499999999985789145 
4.375 21.122301080217098956382 
4.08132782727060128280527 21.7424999999999997157829 
4.0385971818226042984179 21.7424999999999997157829 

3.90776117579118809075567 21.4542187499999990052402 
4.06205288557617105738018 21.1187499999999985789145 
4.33950630915822443967045 21.1187499999999985789145 
4.04415265423073044814828 21.7424999999999997157829 
4.00875026677989598766771 21.7424999999999997157829 
3.90776117579118809075567 21.4542187499999990052402 

3.82656302939318804234858 21.1187499999999985789145 
4.28765192760489810552826 21.1187499999999985789145 
4.12880315577891376932484 21.4542187499999990052402 
3.94187782212733539566329 21.4542187499999990052402 
3.82656302939318804234858 21.1187499999999985789145 

3.93760809083389684559506 21.4542187499999990052402 
3.82229329809974949228035 21.1187499999999985789145 
4.13721900981087120641178 21.1187499999999985789145 
3.97837023798488731429757 21.4542187499999990052402 
3.93760809083389684559506 21.4542187499999990052402 

3.79244638305704029335175 21.1187499999999985789145 
4.10004383677100037175478 21.1187499999999985789145 
3.94119506494501692372978 21.4542187499999990052402 
3.90776117579118809075567 21.4542187499999990052402 
3.79244638305704029335175 21.1187499999999985789145 

3.75 21.1187499999999985789145 
3.79857189544060780406198 21.1187499999999985789145 
3.75 21.2213277716836330455408 
3.75 21.1187499999999985789145 

4.00644652539428403059674 21.1187499999999985789145 
4.30180018032177713394049 20.4949999999999974420462 
4.375 20.4949999999999974420462 
4.375 21.1187499999999985789145 
4.00644652539428403059674 21.1187499999999985789145 

3.82656302939318804234858 21.1187499999999985789145 
4.12191668432068158978154 20.4949999999999974420462 
4.375 20.4949999999999974420462 
4.375 20.939730125626237366987 
4.28765192760489810552826 21.1187499999999985789145 
3.82656302939318804234858 21.1187499999999985789145 

3.82229329809974949228035 21.1187499999999985789145 
4.1176469530272425956241 20.4949999999999974420462 
4.375 20.4949999999999974420462 
4.375 20.6314178606073781452324 
4.13721900981087120641178 21.1187499999999985789145 
3.82229329809974949228035 21.1187499999999985789145 

3.79244638305704029335175 21.1187499999999985789145 
4.0878000379845333966955 20.4949999999999974420462 
4.375 20.4949999999999974420462 
4.375 20.5552273434621639580655 
4.10004383677100037175478 21.1187499999999985789145 
3.79244638305704029335175 21.1187499999999985789145 

3.78574363373508271379819 21 
4.02486763491886456733937 20.4949999999999974420462 
4.3156261236826534144484 20.4949999999999974420462 
4.01128360111617343619628 21.1187499999999985789145 
3.82656302939318804234858 21.1187499999999985789145 
3.78574363373508271379819 21 

3.82229329809974949228035 21.1187499999999985789145 
3.78147390244164416372996 21 
4.02059790362542646136035 20.4949999999999974420462 
4.16519320588862651533191 20.4949999999999974420462 
3.860850683322146981169 21.1187499999999985789145 
3.82229329809974949228035 21.1187499999999985789145 

3.75162698739893496480136 21 
3.99075098858271726243174 20.4949999999999974420462 
4.12801803284875568067491 20.4949999999999974420462 
3.82367551028227659060121 21.1187499999999985789145 
3.79244638305704029335175 21.1187499999999985789145 
3.75162698739893496480136 21 

3.75 20.4949999999999974420462 
4.03804969558929283124371 20.4949999999999974420462 
3.75 21.0853578511102561776624 
3.75 20.4949999999999974420462 

3.75 20.6179602882536343599895 
3.8082232794335055814372 20.4949999999999974420462 
4.0543425225664790900737 20.4949999999999974420462 
3.75 21.1187499999999985789145 
3.75 20.6179602882536343599895 

3.75 21.1187499999999985789145 
4.04535365492749310334375 20.4949999999999974420462 
4.10291441800708689413568 20.4949999999999974420462 
3.79857189544060780406198 21.1187499999999985789145 
3.75 21.1187499999999985789145 

4.7060382641428857297683 19.2474999999999987210231 
5 18.6816971489090200009286 
5 19.2474999999999987210231 
4.7060382641428857297683 19.2474999999999987210231 

4.68889570359187235482068 19.2474999999999987210231 
5 18.6487020054884560238406 
5 19.161066967778797476285 
4.95358988806164113327668 19.2474999999999987210231 
4.68889570359187235482068 19.2474999999999987210231 

4.93305727552818495951215 18.6237499999999975841547 
5 18.6237499999999975841547 
5 18.6870518797084024242849 
4.69906806078711447582918 19.2474999999999987210231 
4.60898921474106959550454 19.2474999999999987210231 
4.93305727552818495951215 18.6237499999999975841547 

4.75052956637897327851761 18.6237499999999975841547 
5 18.6237499999999975841547 
5 18.6744589211500624514883 
4.69230628694546680890198 19.2474999999999987210231 
4.42646150559185791451 19.2474999999999987210231 
4.75052956637897327851761 18.6237499999999975841547 

4.375 18.6237499999999975841547 
4.40898986761978850523747 18.6237499999999975841547 
4.375 18.6870518797084024242849 
4.375 18.6237499999999975841547 

4.375 18.6487020054884560238406 
4.38796376437898771882828 18.6237499999999975841547 
4.69758174870563394165401 18.6237499999999975841547 
4.375 19.2245181842456531740027 
4.375 18.6487020054884560238406 

4.375 18.8969714415286276221195 
4.51695165165794332295945 18.6237499999999975841547 
4.70992180683267314122986 18.6237499999999975841547 
4.375 19.2474999999999987210231 
4.375 18.8969714415286276221195 

4.375 19.2474999999999987210231 
4.69906806078711447582918 18.6237499999999975841547 
5 18.6237499999999975841547 
5 18.6441155675084253573459 
4.676013459968280550072 19.2474999999999987210231 
4.375 19.2474999999999987210231 

4.0878000379845333966955 20.4949999999999974420462 
4.375 19.906383677849301960805 
4.375 20.4949999999999974420462 
4.0878000379845333966955 20.4949999999999974420462 

4.02486763491886456733937 20.4949999999999974420462 
4.32921015748534454559149 19.8712499999999998578915 
4.375 19.8712499999999998578915 
4.375 20.377016686022891178709 
4.3156261236826534144484 20.4949999999999974420462 
4.02486763491886456733937 20.4949999999999974420462 

4.02059790362542646136035 20.4949999999999974420462 
4.32494042619190555143405 19.8712499999999998578915 
4.375 19.8712499999999998578915 
4.375 20.0780876742514351462887 
4.16519320588862651533191 20.4949999999999974420462 
4.02059790362542646136035 20.4949999999999974420462 

3.99075098858271726243174 20.4949999999999974420462 
4.29509351114919635250544 19.8712499999999998578915 
4.375 19.8712499999999998578915 
4.375 20.0042159585245826747268 
4.12801803284875568067491 20.4949999999999974420462 
3.99075098858271726243174 20.4949999999999974420462 

4.11256580199998555968932 19.8712499999999998578915 
4.36823822615835144489438 19.8712499999999998578915 
4.0543425225664790900737 20.4949999999999974420462 
3.8082232794335055814372 20.4949999999999974420462 
4.11256580199998555968932 19.8712499999999998578915 

3.75 19.8712499999999998578915 
4.03859188108584543641655 19.8712499999999998578915 
3.75 20.4447181417027081806737 
3.75 19.8712499999999998578915 

3.75 20.1356106749782206577493 
3.87898788727895604822038 19.8712499999999998578915 
4.06389570359187235482068 19.8712499999999998578915 
3.75 20.4949999999999974420462 
3.75 20.1356106749782206577493 

3.75 20.4949999999999974420462 
4.0543425225664790900737 19.8712499999999998578915 
4.35194539918116518606439 19.8712499999999998578915 
4.03804969558929283124371 20.4949999999999974420462 
3.75 20.4949999999999974420462 

4.29509351114919635250544 19.8712499999999998578915 
4.375 19.7124658183423449031579 
4.375 19.8712499999999998578915 
4.29509351114919635250544 19.8712499999999998578915 

4.375 19.3497604442992212625541 
4.375 19.8582352757982860680386 
4.36823822615835144489438 19.8712499999999998578915 
4.11256580199998555968932 19.8712499999999998578915 
4.375 19.3497604442992212625541 

4.0543425225664790900737 19.8712499999999998578915 
4.36823822615835144489438 19.2474999999999987210231 
4.375 19.2474999999999987210231 
4.375 19.8268756570739483890975 
4.35194539918116518606439 19.8712499999999998578915 
4.0543425225664790900737 19.8712499999999998578915 

4.19288359087082884713027 19.2474999999999987210231 
4.375 19.2474999999999987210231 
4.375 19.2724520054884536079953 
4.06389570359187235482068 19.8712499999999998578915 
3.87898788727895604822038 19.8712499999999998578915 
4.19288359087082884713027 19.2474999999999987210231 

3.75 19.2474999999999987210231 
4.06730628694546680890198 19.2474999999999987210231 
3.75 19.8582352757982860680386 
3.75 19.2474999999999987210231 

3.75 19.820968141702710596519 
4.03859188108584543641655 19.2474999999999987210231 
4.07406806078711447582918 19.2474999999999987210231 
3.75 19.8712499999999998578915 
3.75 19.820968141702710596519 

3.75 19.8712499999999998578915 
4.06389570359187235482068 19.2474999999999987210231 
4.36265994187296080042415 19.2474999999999987210231 
4.03859188108584543641655 19.8712499999999998578915 
3.75 19.8712499999999998578915 

2.96229522533549793905649 19.2474999999999987210231 
3.125 18.9343339849644998196254 
3.125 19.2474999999999987210231 
2.96229522533549793905649 19.2474999999999987210231 

3.44906806078711491991839 18.6237499999999975841547 
3.75 18.0633018797084012874166 
3.75 18.6237499999999975841547 
3.44906806078711491991839 18.6237499999999975841547 

3.62128509295528644429396 18 
3.75 18 
3.75 18.1016092522988110147253 
3.45992180683267314122986 18.6237499999999975841547 
3.28636328612261285897489 18.6237499999999975841547 
3.62128509295528644429396 18 

3.4927927703333345732517 19.2710937499999985789145 
3.31828063492031111181291 18.7253124999999975841547 
3.75 18.7253124999999975841547 
3.75 19.2710937499999985789145 
3.4927927703333345732517 19.2710937499999985789145 

3.34026964992629160633442 19.2710937499999985789145 
3.25358812832835431194667 19 
3.39630146772308050273637 18.7253124999999975841547 
3.72269423244516506343871 18.7253124999999975841547 
3.75 18.8092201371276779298114 
3.75 19.2710937499999985789145 
3.34026964992629160633442 19.2710937499999985789145 

3.40810882847160234732087 19.2710937499999985789145 
3.23359669305857888588207 18.7253124999999975841547 
3.49239615209991205446727 18.7253124999999975841547 
3.67000782677512127349928 19.2710937499999985789145 
3.40810882847160234732087 19.2710937499999985789145 

3.125 19.1066987452711032346997 
3.125 18.9343339849644998196254 
3.23459054718568106423504 19.2710937499999985789145 
3.17756487526178998948012 19.2710937499999985789145 
3.125 19.1066987452711032346997 

3.21168152159793729438775 19.2710937499999985789145 
3.125 19 
3.125 18.9343339849644998196254 
3.23359669305857888588207 18.7253124999999975841547 
3.40538794549969781044751 18.7253124999999975841547 
3.58299962017490702947953 19.2710937499999985789145 
3.21168152159793729438775 19.2710937499999985789145 

4.19288359087082884713027 19.2474999999999987210231 
4.375 18.8969714415286276221195 
4.375 19.2474999999999987210231 
4.19288359087082884713027 19.2474999999999987210231 

4.06389570359187235482068 19.2474999999999987210231 
4.375 18.6487020054884560238406 
4.375 19.2245181842456531740027 
4.36265994187296080042415 19.2474999999999987210231 
4.06389570359187235482068 19.2474999999999987210231 

4.36265994187296080042415 18.6237499999999975841547 
4.375 18.6237499999999975841547 
4.375 18.6870518797084024242849 
4.07406806078711447582918 19.2474999999999987210231 
4.03859188108584543641655 19.2474999999999987210231 
4.36265994187296080042415 18.6237499999999975841547 

3.75 18.6237499999999975841547 
3.78398986761978850523747 18.6237499999999975841547 
3.75 18.6870518797084024242849 
3.75 18.6237499999999975841547 

3.75 18.6487020054884560238406 
3.76296376437898771882828 18.6237499999999975841547 
4.08492180683267314122986 18.6237499999999975841547 
3.75 19.2474999999999987210231 
3.75 18.6487020054884560238406 

3.75 19.2474999999999987210231 
4.07406806078711447582918 18.6237499999999975841547 
4.375 18.6237499999999975841547 
4.375 18.6744589211500624514883 
4.06730628694546680890198 19.2474999999999987210231 
3.75 19.2474999999999987210231 

4.07406806078711447582918 18.6237499999999975841547 
4.375 18.0633018797084012874166 
4.375 18.6237499999999975841547 
4.07406806078711447582918 18.6237499999999975841547 

4.09788557121166086005815 18 
4.375 18 
4.375 18.1016092522988110147253 
4.08492180683267314122986 18.6237499999999975841547 
3.76296376437898771882828 18.6237499999999975841547 
4.09788557121166086005815 18 

3.75 18 
3.80644958461045090913899 18 
3.75 18.1016092522988110147253 
3.75 18 

3.75 18.0633018797084012874166 
3.78398986761978850523747 18 
4.09652777777777732381992 18 
3.75 18.6237499999999975841547 
3.75 18.0633018797084012874166 

3.75 18.6237499999999975841547 
4.08492180683267314122986 18 
4.13051764539756582905738 18 
3.78398986761978850523747 18.6237499999999975841547 
3.75 18.6237499999999975841547 

3.52488600576822674881328 18.1795312499999965893949 
3.62128509295528644429396 18 
3.75 18 
3.75 18.1795312499999965893949 
3.52488600576822674881328 18.1795312499999965893949 

4.91846652375026138770409 19.8712499999999998578915 
5 19.709232791007238461134 
5 19.8712499999999998578915 
4.91846652375026138770409 19.8712499999999998578915 

4.6793425225664790900737 19.8712499999999998578915 
4.99323822615835144489438 19.2474999999999987210231 
5 19.2474999999999987210231 
5 19.8582352757982860680386 
4.99323822615835144489438 19.8712499999999998578915 
4.6793425225664790900737 19.8712499999999998578915 

4.7060382641428857297683 19.2474999999999987210231 
5 19.2474999999999987210231 
5 19.2724520054884536079953 
4.68889570359187235482068 19.8712499999999998578915 
4.39214256055101337494762 19.8712499999999998578915 
4.7060382641428857297683 19.2474999999999987210231 

4.375 19.2474999999999987210231 
4.676013459968280550072 19.2474999999999987210231 
4.375 19.8268756570739483890975 
4.375 19.2474999999999987210231 

4.375 19.3497604442992212625541 
4.42646150559185791451 19.2474999999999987210231 
4.69230628694546680890198 19.2474999999999987210231 
4.375 19.8582352757982860680386 
4.375 19.3497604442992212625541 

4.375 19.7124658183423449031579 
4.60898921474106959550454 19.2474999999999987210231 
4.69906806078711447582918 19.2474999999999987210231 
4.375 19.8712499999999998578915 
4.375 19.7124658183423449031579 

4.375 19.8712499999999998578915 
4.68889570359187235482068 19.2474999999999987210231 
4.95358988806164113327668 19.2474999999999987210231 
4.62952182727452576926908 19.8712499999999998578915 
4.375 19.8712499999999998578915 

4.7309854095848127286672 18.7253124999999975841547 
4.69906806078711447582918 18.6237499999999975841547 
4.93759078043272836566757 18.1795312499999965893949 
5 18.1795312499999965893949 
5 18.7253124999999975841547 
4.7309854095848127286672 18.7253124999999975841547 

4.79800540610207715275237 18.7253124999999975841547 
4.62648648402460160866667 18.1795312499999965893949 
5 18.1795312499999965893949 
5 18.7253124999999975841547 
4.79800540610207715275237 18.7253124999999975841547 

4.78504164172308943392409 18.7253124999999975841547 
4.61352271964561300165997 18.1795312499999965893949 
4.81193769734918941338719 18.1795312499999965893949 
4.98644983276221243073678 18.7253124999999975841547 
4.78504164172308943392409 18.7253124999999975841547 

4.54886900045564157579747 18.7253124999999975841547 
4.51695165165794332295945 18.6237499999999975841547 
4.75547437130355721279784 18.1795312499999965893949 
4.95671000127711725014024 18.1795312499999965893949 
5 18.3149193681933510902127 
5 18.7253124999999975841547 
4.54886900045564157579747 18.7253124999999975841547 

4.41988111317668508348788 18.7253124999999975841547 
4.38796376437898771882828 18.6237499999999975841547 
4.62648648402460160866667 18.1795312499999965893949 
4.94436994315007805056439 18.1795312499999965893949 
5 18.353512514358850893359 
5 18.7253124999999975841547 
4.41988111317668508348788 18.7253124999999975841547 

4.375 18.7253124999999975841547 
4.375 18.1795312499999965893949 
4.54951213541302301734959 18.7253124999999975841547 
4.375 18.7253124999999975841547 

4.375 18.7253124999999975841547 
4.375 18.6487020054884560238406 
4.38796376437898771882828 18.6237499999999975841547 
4.69758174870563394165401 18.6237499999999975841547 
4.73005609397287241080221 18.7253124999999975841547 
4.375 18.7253124999999975841547 

4.4069173487976973646596 18.7253124999999975841547 
4.375 18.6237499999999975841547 
4.375 18.1795312499999965893949 
4.62178819444444410891037 18.1795312499999965893949 
4.79630032985746801443838 18.7253124999999975841547 
4.4069173487976973646596 18.7253124999999975841547 

4.4069173487976973646596 18.7253124999999975841547 
4.375 18.6237499999999975841547 
4.61352271964561300165997 18.1795312499999965893949 
4.65577806206423261414784 18.1795312499999965893949 
4.83029019747725651967585 18.7253124999999975841547 
4.4069173487976973646596 18.7253124999999975841547 

4.5465189220774755440857 18.7253124999999975841547 
4.375 18.1795312499999965893949 
4.77794782972940001997131 18.1795312499999965893949 
4.95245996514242392549932 18.7253124999999975841547 
4.5465189220774755440857 18.7253124999999975841547 

4.1059854095848127286672 18.7253124999999975841547 
4.07406806078711447582918 18.6237499999999975841547 
4.31259078043272836566757 18.1795312499999965893949 
4.375 18.1795312499999965893949 
4.375 18.7253124999999975841547 
4.1059854095848127286672 18.7253124999999975841547 

4.17300540610207715275237 18.7253124999999975841547 
4.00148648402460160866667 18.1795312499999965893949 
4.375 18.1795312499999965893949 
4.375 18.7253124999999975841547 
4.17300540610207715275237 18.7253124999999975841547 

4.16004164172308943392409 18.7253124999999975841547 
3.98852271964561344574918 18.1795312499999965893949 
4.18693769734918941338719 18.1795312499999965893949 
4.36144983276221243073678 18.7253124999999975841547 
4.16004164172308943392409 18.7253124999999975841547 

3.79488111317668552757709 18.7253124999999975841547 
3.76296376437898771882828 18.6237499999999975841547 
4.00148648402460160866667 18.1795312499999965893949 
4.33171000127711725014024 18.1795312499999965893949 
4.375 18.3149193681933510902127 
4.375 18.7253124999999975841547 
3.79488111317668552757709 18.7253124999999975841547 

3.75 18.7253124999999975841547 
3.75 18.1795312499999965893949 
3.9245121354130234614388 18.7253124999999975841547 
3.75 18.7253124999999975841547 

3.75 18.7253124999999975841547 
3.75 18.6487020054884560238406 
3.76296376437898771882828 18.6237499999999975841547 
4.08492180683267314122986 18.6237499999999975841547 
4.11739615209991161037806 18.7253124999999975841547 
3.75 18.7253124999999975841547 

3.78191734879769780874881 18.7253124999999975841547 
3.75 18.6237499999999975841547 
3.75 18.1795312499999965893949 
3.99678819444444410891037 18.1795312499999965893949 
4.17130032985746801443838 18.7253124999999975841547 
3.78191734879769780874881 18.7253124999999975841547 

3.78191734879769780874881 18.7253124999999975841547 
3.75 18.6237499999999975841547 
3.98852271964561344574918 18.1795312499999965893949 
4.03077806206423261414784 18.1795312499999965893949 
4.20529019747725651967585 18.7253124999999975841547 
3.78191734879769780874881 18.7253124999999975841547 

3.9215189220774755440857 18.7253124999999975841547 
3.75 18.1795312499999965893949 
4.15294782972940001997131 18.1795312499999965893949 
4.32745996514242392549932 18.7253124999999975841547 
3.9215189220774755440857 18.7253124999999975841547 

4.00148648402460160866667 18.1795312499999965893949 
4.09788557121166086005815 18 
4.375 18 
4.375 18.1795312499999965893949 
4.00148648402460160866667 18.1795312499999965893949 

3.98852271964561344574918 18.1795312499999965893949 
4.08492180683267314122986 18 
4.13051764539756582905738 18 
4.18693769734918941338719 18.1795312499999965893949 
3.98852271964561344574918 18.1795312499999965893949 

3.75 18.1795312499999965893949 
3.75 18 
3.80642005195162269615139 18.1795312499999965893949 
3.75 18.1795312499999965893949 

3.77407507749621506931703 18.1795312499999965893949 
3.75 18.1016092522988110147253 
3.75 18 
3.80644958461045090913899 18 
3.86286963656207404937959 18.1795312499999965893949 
3.77407507749621506931703 18.1795312499999965893949 

3.75 18.1795312499999965893949 
3.75 18.0633018797084012874166 
3.78398986761978850523747 18 
4.09652777777777732381992 18 
4.15294782972940001997131 18.1795312499999965893949 
3.75 18.1795312499999965893949 

4.13404115888593004513041 19.8168749999999995736744 
3.95642948421072171427681 19.2710937499999985789145 
4.375 19.2710937499999985789145 
4.375 19.8168749999999995736744 
4.13404115888593004513041 19.8168749999999995736744 

4.10212381008823268047081 19.8168749999999995736744 
3.9245121354130234614388 19.2710937499999985789145 
4.29500782677512127349928 19.2710937499999985789145 
4.375 19.5125351263468154172642 
4.375 19.8168749999999995736744 
4.10212381008823268047081 19.8168749999999995736744 

4.01429319627314651341976 19.8168749999999995736744 
3.83668152159793729438775 19.2710937499999985789145 
4.20799962017490702947953 19.2710937499999985789145 
4.375 19.7751530839308244935637 
4.375 19.8168749999999995736744 
4.01429319627314651341976 19.8168749999999995736744 

3.75 19.8168749999999995736744 
3.75 19.2710937499999985789145 
3.93082330772575705424288 19.8168749999999995736744 
3.75 19.8168749999999995736744 

3.9276116746752087749428 19.8168749999999995736744 
3.75 19.2710937499999985789145 
3.9276116746752087749428 19.2710937499999985789145 
4.10843498240096582918568 19.8168749999999995736744 
3.9276116746752087749428 19.8168749999999995736744 

3.96526964992629160633442 19.2710937499999985789145 
3.87858812832835431194667 19 
4.02130146772308005864716 18.7253124999999975841547 
4.34769423244516506343871 18.7253124999999975841547 
4.375 18.8092201371276779298114 
4.375 19.2710937499999985789145 
3.96526964992629160633442 19.2710937499999985789145 

3.9693932485897094331051 19.2710937499999985789145 
3.79488111317668552757709 18.7253124999999975841547 
4.375 18.7253124999999975841547 
4.375 19.2710937499999985789145 
3.9693932485897094331051 19.2710937499999985789145 

3.95642948421072171427681 19.2710937499999985789145 
3.78191734879769780874881 18.7253124999999975841547 
4.20529019747725651967585 18.7253124999999975841547 
4.375 19.246812161142738517583 
4.375 19.2710937499999985789145 
3.95642948421072171427681 19.2710937499999985789145 

3.75 19.2710937499999985789145 
3.75 18.7253124999999975841547 
3.9276116746752087749428 19.2710937499999985789145 
3.75 19.2710937499999985789145 

3.83668152159793729438775 19.2710937499999985789145 
3.75 19 
3.75 18.7253124999999975841547 
4.0303879454996973663583 18.7253124999999975841547 
4.20799962017490702947953 19.2710937499999985789145 
3.83668152159793729438775 19.2710937499999985789145 

3.9245121354130234614388 19.2710937499999985789145 
3.75 18.7253124999999975841547 
4.11739615209991161037806 18.7253124999999975841547 
4.29500782677512127349928 19.2710937499999985789145 
3.9245121354130234614388 19.2710937499999985789145 

4.69906806078711447582918 18.6237499999999975841547 
5 18.0633018797084012874166 
5 18.6237499999999975841547 
4.69906806078711447582918 18.6237499999999975841547 

4.85187345849061735236774 18 
5 18 
5 18.1016092522988110147253 
4.70992180683267314122986 18.6237499999999975841547 
4.51695165165794332295945 18.6237499999999975841547 
4.85187345849061735236774 18 

4.38796376437898771882828 18.6237499999999975841547 
4.72288557121166086005815 18 
5 18 
5 18.0793971476701393896747 
4.69758174870563394165401 18.6237499999999975841547 
4.38796376437898771882828 18.6237499999999975841547 

4.375 18 
4.43144958461045046504978 18 
4.375 18.1016092522988110147253 
4.375 18 

4.375 18.0633018797084012874166 
4.40898986761978850523747 18 
4.72152777777777732381992 18 
4.375 18.6237499999999975841547 
4.375 18.0633018797084012874166 

4.375 18.6237499999999975841547 
4.70992180683267314122986 18 
4.75551764539756582905738 18 
4.40898986761978850523747 18.6237499999999975841547 
4.375 18.6237499999999975841547 

4.62648648402460160866667 18.1795312499999965893949 
4.72288557121166086005815 18 
5 18 
5 18.1795312499999965893949 
4.62648648402460160866667 18.1795312499999965893949 

4.61352271964561300165997 18.1795312499999965893949 
4.70992180683267314122986 18 
4.75551764539756582905738 18 
4.81193769734918941338719 18.1795312499999965893949 
4.61352271964561300165997 18.1795312499999965893949 

4.375 18.1795312499999965893949 
4.375 18 
4.43142005195162269615139 18.1795312499999965893949 
4.375 18.1795312499999965893949 

4.39907507749621462522782 18.1795312499999965893949 
4.375 18.1016092522988110147253 
4.375 18 
4.43144958461045046504978 18 
4.48786963656207404937959 18.1795312499999965893949 
4.39907507749621462522782 18.1795312499999965893949 

4.375 18.1795312499999965893949 
4.375 18.0633018797084012874166 
4.40898986761978850523747 18 
4.72152777777777732381992 18 
4.77794782972940001997131 18.1795312499999965893949 
4.375 18.1795312499999965893949 

4.59026964992629160633442 19.2710937499999985789145 
4.50358812832835386785746 19 
4.64630146772308005864716 18.7253124999999975841547 
4.95640140546797880460872 18.7253124999999975841547 
5 18.8592862124006224178174 
5 19.2710937499999985789145 
4.59026964992629160633442 19.2710937499999985789145 

4.59439324858970898901589 19.2710937499999985789145 
4.41988111317668508348788 18.7253124999999975841547 
5 18.7253124999999975841547 
5 19.2710937499999985789145 
4.59439324858970898901589 19.2710937499999985789145 

4.58142948421072127018761 19.2710937499999985789145 
4.4069173487976973646596 18.7253124999999975841547 
4.83029019747725651967585 18.7253124999999975841547 
5 19.246812161142738517583 
5 19.2710937499999985789145 
4.58142948421072127018761 19.2710937499999985789145 

4.375 19.2710937499999985789145 
4.375 18.7253124999999975841547 
4.5526116746752087749428 19.2710937499999985789145 
4.375 19.2710937499999985789145 

4.46168152159793685029854 19.2710937499999985789145 
4.375 19 
4.375 18.7253124999999975841547 
4.64304788737265816678246 18.7253124999999975841547 
4.82065956204786782990368 19.2710937499999985789145 
4.46168152159793685029854 19.2710937499999985789145 

4.46168152159793685029854 19.2710937499999985789145 
4.375 19 
4.375 18.8969714415286276221195 
4.46418505859390979395585 18.7253124999999975841547 
4.6553879454996973663583 18.7253124999999975841547 
4.83299962017490702947953 19.2710937499999985789145 
4.46168152159793685029854 19.2710937499999985789145 

4.54951213541302301734959 19.2710937499999985789145 
4.375 18.7253124999999975841547 
4.73005609397287241080221 18.7253124999999975841547 
4.90766776864808207392343 19.2710937499999985789145 
4.54951213541302301734959 19.2710937499999985789145 

3.57011650399890401175185 20.3626562499999970157205 
3.38929319627314651341976 19.8168749999999995736744 
3.75 19.8168749999999995736744 
3.75 20.3626562499999970157205 
3.57011650399890401175185 20.3626562499999970157205 

3.35517654993699876442292 19.8168749999999995736744 
3.41541385491143856256713 19.8168749999999995736744 
3.5995670822059726567943 20.3626562499999970157205 
3.53599985766275626275501 20.3626562499999970157205 
3.35517654993699876442292 19.8168749999999995736744 

4.82011650399890356766264 20.3626562499999970157205 
5 20.3626562499999970157205 
5 20.8957831505936226790254 
4.82011650399890356766264 20.3626562499999970157205 

4.91758820969550036750206 20.9084374999999980104803 
4.73343498240096582918568 20.3626562499999970157205 
4.91758820969550036750206 20.3626562499999970157205 
5 20.602405024838020608513 
5 20.9084374999999980104803 
4.91758820969550036750206 20.9084374999999980104803 

4.73997653502029159255926 20.9084374999999980104803 
4.55582330772575705424288 20.3626562499999970157205 
4.73997653502029159255926 20.3626562499999970157205 
4.92758462585418843815432 20.9084374999999980104803 
4.73997653502029159255926 20.9084374999999980104803 

4.375 20.9084374999999980104803 
4.375 20.602405024838020608513 
4.48019630052939810127555 20.9084374999999980104803 
4.375 20.9084374999999980104803 

4.375 20.8957831505936226790254 
4.375 20.3626562499999970157205 
4.56260809083389684559506 20.9084374999999980104803 
4.37926973129343810597902 20.9084374999999980104803 
4.375 20.8957831505936226790254 

4.55915322729453365013796 20.9084374999999980104803 
4.375 20.3626562499999970157205 
4.55915322729453365013796 20.3626562499999970157205 
4.74676131812843138391145 20.9084374999999980104803 
4.55915322729453365013796 20.9084374999999980104803 

4.19511650399890356766264 20.3626562499999970157205 
4.375 20.3626562499999970157205 
4.375 20.8957831505936226790254 
4.19511650399890356766264 20.3626562499999970157205 

4.29258820969550036750206 20.9084374999999980104803 
4.10843498240096582918568 20.3626562499999970157205 
4.29258820969550036750206 20.3626562499999970157205 
4.375 20.602405024838020608513 
4.375 20.9084374999999980104803 
4.29258820969550036750206 20.9084374999999980104803 

4.11497653502029159255926 20.9084374999999980104803 
3.93082330772575705424288 20.3626562499999970157205 
4.11497653502029159255926 20.3626562499999970157205 
4.30258462585418843815432 20.9084374999999980104803 
4.11497653502029159255926 20.9084374999999980104803 

3.75 20.9084374999999980104803 
3.75 20.800289113006229513303 
3.78717517303986994647858 20.9084374999999980104803 
3.75 20.9084374999999980104803 

3.75 20.8957831505936226790254 
3.75 20.3626562499999970157205 
3.93760809083389684559506 20.9084374999999980104803 
3.75426973129343810597902 20.9084374999999980104803 
3.75 20.8957831505936226790254 

3.93415322729453409422717 20.9084374999999980104803 
3.75 20.3626562499999970157205 
3.93415322729453409422717 20.3626562499999970157205 
4.12176131812843138391145 20.9084374999999980104803 
3.93415322729453409422717 20.9084374999999980104803 

4.19511650399890356766264 20.3626562499999970157205 
4.01429319627314651341976 19.8168749999999995736744 
4.375 19.8168749999999995736744 
4.375 20.3626562499999970157205 
4.19511650399890356766264 20.3626562499999970157205 

4.10843498240096582918568 20.3626562499999970157205 
3.9276116746752087749428 19.8168749999999995736744 
4.10843498240096582918568 19.8168749999999995736744 
4.29258820969550036750206 20.3626562499999970157205 
4.10843498240096582918568 20.3626562499999970157205 

3.75 20.3626562499999970157205 
3.75 19.8168749999999995736744 
3.93415322729453409422717 20.3626562499999970157205 
3.75 20.3626562499999970157205 

3.93082330772575705424288 20.3626562499999970157205 
3.75 19.8168749999999995736744 
3.93082330772575705424288 19.8168749999999995736744 
4.11497653502029159255926 20.3626562499999970157205 
3.93082330772575705424288 20.3626562499999970157205 

4.82011650399890356766264 20.3626562499999970157205 
4.63929319627314651341976 19.8168749999999995736744 
5 19.8168749999999995736744 
5 20.3626562499999970157205 
4.82011650399890356766264 20.3626562499999970157205 

4.73343498240096582918568 20.3626562499999970157205 
4.5526116746752087749428 19.8168749999999995736744 
4.73343498240096582918568 19.8168749999999995736744 
4.91758820969550036750206 20.3626562499999970157205 
4.73343498240096582918568 20.3626562499999970157205 

4.375 20.3626562499999970157205 
4.375 19.8168749999999995736744 
4.55915322729453365013796 20.3626562499999970157205 
4.375 20.3626562499999970157205 

4.55582330772575705424288 20.3626562499999970157205 
4.375 19.8168749999999995736744 
4.55582330772575705424288 19.8168749999999995736744 
4.73997653502029159255926 20.3626562499999970157205 
4.55582330772575705424288 20.3626562499999970157205 

4.30258462585418843815432 21.4542187499999990052402 
4.375 21.4542187499999990052402 
4.375 21.6609340929503204620232 
4.30258462585418843815432 21.4542187499999990052402 

4.31295638307344830764123 22 
4.12176131812843138391145 21.4542187499999990052402 
4.31295638307344830764123 21.4542187499999990052402 
4.375 21.6279408773943409016738 
4.375 22 
4.31295638307344830764123 22 

3.94187782212733539566329 21.4542187499999990052402 
4.12880315577891376932484 21.4542187499999990052402 
4.32372503077891412459621 22 
4.13307288707235276348229 22 
3.94187782212733539566329 21.4542187499999990052402 

4.12880315577891376932484 22 
3.93760809083389684559506 21.4542187499999990052402 
3.97837023798488731429757 21.4542187499999990052402 
4.17329211298488722547972 22 
4.12880315577891376932484 22 

3.90776117579118809075567 21.4542187499999990052402 
3.94119506494501692372978 21.4542187499999990052402 
4.13611693994501639082273 22 
4.09895624073620457039624 22 
3.90776117579118809075567 21.4542187499999990052402 

4.29258820969550036750206 20.9084374999999980104803 
4.375 20.9084374999999980104803 
4.375 21.1481862748380216032729 
4.29258820969550036750206 20.9084374999999980104803 

4.30258462585418843815432 21.4542187499999990052402 
4.11497653502029159255926 20.9084374999999980104803 
4.30258462585418843815432 20.9084374999999980104803 
4.375 21.1151528429503194672634 
4.375 21.4542187499999990052402 
4.30258462585418843815432 21.4542187499999990052402 

4.12176131812843138391145 21.4542187499999990052402 
3.93415322729453409422717 20.9084374999999980104803 
4.12176131812843138391145 20.9084374999999980104803 
4.31295638307344830764123 21.4542187499999990052402 
4.12176131812843138391145 21.4542187499999990052402 

3.75426973129343810597902 20.9084374999999980104803 
3.93760809083389684559506 20.9084374999999980104803 
4.12880315577891376932484 21.4542187499999990052402 
3.94187782212733539566329 21.4542187499999990052402 
3.75426973129343810597902 20.9084374999999980104803 

3.75 20.9952668394397150564146 
3.75 20.9084374999999980104803 
3.94119506494501692372978 21.4542187499999990052402 
3.90776117579118809075567 21.4542187499999990052402 
3.75 20.9952668394397150564146 

3.93760809083389684559506 21.4542187499999990052402 
3.75 20.9084374999999980104803 
3.78717517303986994647858 20.9084374999999980104803 
3.97837023798488731429757 21.4542187499999990052402 
3.93760809083389684559506 21.4542187499999990052402 

4.91758820969550036750206 20.9084374999999980104803 
5 20.9084374999999980104803 
5 21.1481862748380216032729 
4.91758820969550036750206 20.9084374999999980104803 

4.92758462585418843815432 21.4542187499999990052402 
4.73997653502029159255926 20.9084374999999980104803 
4.92758462585418843815432 20.9084374999999980104803 
5 21.1151528429503194672634 
5 21.4542187499999990052402 
4.92758462585418843815432 21.4542187499999990052402 

4.74676131812843138391145 21.4542187499999990052402 
4.55915322729453365013796 20.9084374999999980104803 
4.74676131812843138391145 20.9084374999999980104803 
4.93795638307344830764123 21.4542187499999990052402 
4.74676131812843138391145 21.4542187499999990052402 

4.37926973129343810597902 20.9084374999999980104803 
4.56260809083389684559506 20.9084374999999980104803 
4.75380315577891376932484 21.4542187499999990052402 
4.56687782212733495157408 21.4542187499999990052402 
4.37926973129343810597902 20.9084374999999980104803 

4.375 21.4542187499999990052402 
4.375 21.1151528429503194672634 
4.49377969079920536188411 21.4542187499999990052402 
4.375 21.4542187499999990052402 

4.375 21.1481862748380216032729 
4.375 20.9084374999999980104803 
4.56619506494501692372978 21.4542187499999990052402 
4.48019630052939810127555 21.4542187499999990052402 
4.375 21.1481862748380216032729 

4.56260809083389684559506 21.4542187499999990052402 
4.375 20.9084374999999980104803 
4.48019630052939810127555 20.9084374999999980104803 
4.67139136547441502500533 21.4542187499999990052402 
4.56260809083389684559506 21.4542187499999990052402 

4.31295638307344830764123 22 
4.22275040911713883673428 21.7424999999999997157829 
4.375 21.7424999999999997157829 
4.375 22 
4.31295638307344830764123 22 

4.04286691311604329257534 21.7424999999999997157829 
4.375 21.7424999999999997157829 
4.375 21.8885153981710516291059 
4.32372503077891412459621 22 
4.13307288707235276348229 22 
4.04286691311604329257534 21.7424999999999997157829 

4.12880315577891376932484 22 
4.0385971818226042984179 21.7424999999999997157829 
4.29172375608020750803462 21.7424999999999997157829 
4.17329211298488722547972 22 
4.12880315577891376932484 22 

4.00875026677989598766771 21.7424999999999997157829 
4.25454858304033667337762 21.7424999999999997157829 
4.13611693994501639082273 22 
4.09895624073620457039624 22 
4.00875026677989598766771 21.7424999999999997157829 

4.63144652539428403059674 21.1187499999999985789145 
4.92680018032177713394049 20.4949999999999974420462 
5 20.4949999999999974420462 
5 21.1187499999999985789145 
4.63144652539428403059674 21.1187499999999985789145 

4.45156302939318759825937 21.1187499999999985789145 
4.74691668432068158978154 20.4949999999999974420462 
5 20.4949999999999974420462 
5 20.939730125626237366987 
4.91265192760489810552826 21.1187499999999985789145 
4.45156302939318759825937 21.1187499999999985789145 

4.44729329809974949228035 21.1187499999999985789145 
4.7426469530272425956241 20.4949999999999974420462 
5 20.4949999999999974420462 
5 20.7708271613971682256761 
4.83024013730039847303033 21.1187499999999985789145 
4.44729329809974949228035 21.1187499999999985789145 

4.41074363373508226970898 21 
4.64986763491886456733937 20.4949999999999974420462 
4.9406261236826534144484 20.4949999999999974420462 
4.63628360111617343619628 21.1187499999999985789145 
4.45156302939318759825937 21.1187499999999985789145 
4.41074363373508226970898 21 

4.44729329809974949228035 21.1187499999999985789145 
4.40647390244164416372996 21 
4.64559790362542646136035 20.4949999999999974420462 
4.85821433337815378195046 20.4949999999999974420462 
4.55387181081167469187676 21.1187499999999985789145 
4.44729329809974949228035 21.1187499999999985789145 

4.375 20.4949999999999974420462 
4.6793425225664790900737 20.4949999999999974420462 
4.375 21.1187499999999985789145 
4.375 20.4949999999999974420462 

4.375 21.1187499999999985789145 
4.375 21 
4.61412400118378140945197 20.4949999999999974420462 
4.75301803284875568067491 20.4949999999999974420462 
4.44867551028227659060121 21.1187499999999985789145 
4.375 21.1187499999999985789145 

4.375 21.1187499999999985789145 
4.67035365492749310334375 20.4949999999999974420462 
5 20.4949999999999974420462 
5 20.5552273434621639580655 
4.72504383677100037175478 21.1187499999999985789145 
4.375 21.1187499999999985789145 

4.93795638307344830764123 22 
4.84775040911713883673428 21.7424999999999997157829 
5 21.7424999999999997157829 
5 22 
4.93795638307344830764123 22 

4.66786691311604329257534 21.7424999999999997157829 
5 21.7424999999999997157829 
5 21.8885153981710516291059 
4.94872503077891412459621 22 
4.75807288707235276348229 22 
4.66786691311604329257534 21.7424999999999997157829 

4.75380315577891376932484 22 
4.6635971818226042984179 21.7424999999999997157829 
4.98474488356973477465317 21.7424999999999997157829 
4.86631324047441449209828 22 
4.75380315577891376932484 22 

4.58118539151810555409838 21.7424999999999997157829 
4.87954858304033667337762 21.7424999999999997157829 
4.76111693994501639082273 22 
4.67139136547441502500533 22 
4.58118539151810555409838 21.7424999999999997157829 

4.56619506494501692372978 22 
4.47598909098870745282284 21.7424999999999997157829 
4.80713320889452599971037 21.7424999999999997157829 
4.68870156579920571715547 22 
4.56619506494501692372978 22 

4.40357371684289677915558 21.7424999999999997157829 
4.68835351809531974964784 21.7424999999999997157829 
4.56992187499999946709295 22 
4.49377969079920536188411 22 
4.40357371684289677915558 21.7424999999999997157829 

4.375 22 
4.375 21.7424999999999997157829 
4.62630990116876894546749 21.7424999999999997157829 
4.5078782580734486629126 22 
4.375 22 

