0 22.5959999999999965325514 
5 22.5959999999999965325514 

4.6875 21.5226982772194297410806 
5 21.5226982772194297410806 
5 22 
4.6875 22 
4.6875 21.5226982772194297410806 

4.375 22.0214999999999996305178 
5 22.0214999999999996305178 
5 22.5959999999999965325514 
4.375 22.5959999999999965325514 
4.375 22.0214999999999996305178 

1.875 22.0214999999999996305178 
2.5 22.0214999999999996305178 
2.5 22.5959999999999965325514 
1.875 22.5959999999999965325514 
1.875 22.0214999999999996305178 

2.1875 19.7234999999999978115284 
2.5 19.7234999999999978115284 
2.5 20.2979999999999982662757 
2.1875 20.2979999999999982662757 
2.1875 19.7234999999999978115284 

0.625 21.4469999999999991757704 
1.25 21.4469999999999991757704 
1.25 22.5959999999999965325514 
0.625 22.5959999999999965325514 
0.625 21.4469999999999991757704 

0.625 20.8724999999999987210231 
1.25 20.8724999999999987210231 
1.25 21.4469999999999991757704 
0.625 21.4469999999999991757704 
0.625 20.8724999999999987210231 

0 22.5959999999999965325514 
0 22.0214999999999996305178 
0.625 22.0214999999999996305178 
0.625 22.5959999999999965325514 
0 22.5959999999999965325514 

0.3125 21.4469999999999991757704 
0.625 21.4469999999999991757704 
0.625 22.0214999999999996305178 
0.3125 22.0214999999999996305178 
0.3125 21.4469999999999991757704 

0 22.0214999999999996305178 
0 21.4469999999999991757704 
0.3125 21.4469999999999991757704 
0.3125 22.0214999999999996305178 
0 22.0214999999999996305178 

0.3125 20.8724999999999987210231 
0.625 20.8724999999999987210231 
0.625 21.4469999999999991757704 
0.3125 21.4469999999999991757704 
0.3125 20.8724999999999987210231 

0.3125 20.2979999999999982662757 
0.625 20.2979999999999982662757 
0.625 20.8724999999999987210231 
0.3125 20.8724999999999987210231 
0.3125 20.2979999999999982662757 

0 21.4469999999999991757704 
0 20.8724999999999987210231 
0.3125 20.8724999999999987210231 
0.3125 21.4469999999999991757704 
0 21.4469999999999991757704 

0 20.8724999999999987210231 
0 20.2979999999999982662757 
0.3125 20.2979999999999982662757 
0.3125 20.8724999999999987210231 
0 20.8724999999999987210231 

0.9375 20.2979999999999982662757 
1.25 20.2979999999999982662757 
1.25 20.8724999999999987210231 
0.9375 20.8724999999999987210231 
0.9375 20.2979999999999982662757 

0.625 20.8724999999999987210231 
0.625 20.2979999999999982662757 
0.9375 20.2979999999999982662757 
0.9375 20.8724999999999987210231 
0.625 20.8724999999999987210231 

0.9375 19.7234999999999978115284 
1.25 19.7234999999999978115284 
1.25 20.2979999999999982662757 
0.9375 20.2979999999999982662757 
0.9375 19.7234999999999978115284 

0 19.148999999999997356781 
0 18 
1.25 18 
1.25 19.148999999999997356781 
0 19.148999999999997356781 

0 20.2979999999999982662757 
0 19.148999999999997356781 
0.625 19.148999999999997356781 
0.625 20.2979999999999982662757 
0 20.2979999999999982662757 

0.9375 19.148999999999997356781 
1.25 19.148999999999997356781 
1.25 19.7234999999999978115284 
0.9375 19.7234999999999978115284 
0.9375 19.148999999999997356781 

0.625 20.2979999999999982662757 
0.625 19.7234999999999978115284 
0.9375 19.7234999999999978115284 
0.9375 20.2979999999999982662757 
0.625 20.2979999999999982662757 

0.625 19.7234999999999978115284 
0.625 19.148999999999997356781 
0.9375 19.148999999999997356781 
0.9375 19.7234999999999978115284 
0.625 19.7234999999999978115284 

1.875 18.5744999999999969020337 
2.5 18.5744999999999969020337 
2.5 19.148999999999997356781 
1.875 19.148999999999997356781 
1.875 18.5744999999999969020337 

1.25 20.2979999999999982662757 
1.25 19.7234999999999978115284 
1.875 19.7234999999999978115284 
1.875 20.2979999999999982662757 
1.25 20.2979999999999982662757 

1.5625 19.148999999999997356781 
1.875 19.148999999999997356781 
1.875 19.7234999999999978115284 
1.5625 19.7234999999999978115284 
1.5625 19.148999999999997356781 

1.25 19.7234999999999978115284 
1.25 19.148999999999997356781 
1.5625 19.148999999999997356781 
1.5625 19.7234999999999978115284 
1.25 19.7234999999999978115284 

1.5625 18.5744999999999969020337 
1.875 18.5744999999999969020337 
1.875 19.148999999999997356781 
1.5625 19.148999999999997356781 
1.5625 18.5744999999999969020337 

1.5625 18 
1.875 18 
1.875 18.5744999999999969020337 
1.5625 18.5744999999999969020337 
1.5625 18 

1.25 19.148999999999997356781 
1.25 18.5744999999999969020337 
1.5625 18.5744999999999969020337 
1.5625 19.148999999999997356781 
1.25 19.148999999999997356781 

4.6875 17.7927931088777242507604 
5 17.7927931088777242507604 
5 18.1815862177554485867859 
4.6875 18.1815862177554485867859 
4.6875 17.7927931088777242507604 

2.1875 21.5226982772194297410806 
2.5 21.5226982772194297410806 
2.5 22 
2.1875 22 
2.1875 21.5226982772194297410806 

2.1875 19.6134913860971558108304 
2.5 19.6134913860971558108304 
2.5 20.0907931088777225170361 
2.1875 20.0907931088777225170361 
2.1875 19.6134913860971558108304 

0 20.0907931088777225170361 
0 18.1815862177554485867859 
1.25 18.1815862177554485867859 
1.25 20.0907931088777225170361 
0 20.0907931088777225170361 

2.1875 18.6588879405360152929916 
2.5 18.6588879405360152929916 
2.5 19.136189663316585551911 
2.1875 19.136189663316585551911 
2.1875 18.6588879405360152929916 

1.5625 18.6588879405360152929916 
1.875 18.6588879405360152929916 
1.875 19.136189663316585551911 
1.5625 19.136189663316585551911 
1.5625 18.6588879405360152929916 

1.5625 18.1815862177554485867859 
1.875 18.1815862177554485867859 
1.875 18.6588879405360152929916 
1.5625 18.6588879405360152929916 
1.5625 18.1815862177554485867859 

1.25 19.136189663316585551911 
1.25 18.6588879405360152929916 
1.5625 18.6588879405360152929916 
1.5625 19.136189663316585551911 
1.25 19.136189663316585551911 

1.25 18.5744999999999969020337 
1.25 18 
1.5625 18 
1.5625 18.5744999999999969020337 
1.25 18.5744999999999969020337 

1.25 18.6588879405360152929916 
1.25 18.1815862177554485867859 
1.5625 18.1815862177554485867859 
1.5625 18.6588879405360152929916 
1.25 18.6588879405360152929916 

2.1875 18 
2.5 18 
2.5 18.5744999999999969020337 
2.1875 18.5744999999999969020337 
2.1875 18 

1.875 18.5744999999999969020337 
1.875 18 
2.1875 18 
2.1875 18.5744999999999969020337 
1.875 18.5744999999999969020337 

2.1875 18.1815862177554485867859 
2.5 18.1815862177554485867859 
2.5 18.6588879405360152929916 
2.1875 18.6588879405360152929916 
2.1875 18.1815862177554485867859 

1.875 18.6588879405360152929916 
1.875 18.1815862177554485867859 
2.1875 18.1815862177554485867859 
2.1875 18.6588879405360152929916 
1.875 18.6588879405360152929916 

0 17.4039999999999999147349 
5 17.4039999999999999147349 

2.1875 17.7927931088777242507604 
2.5 17.7927931088777242507604 
2.5 18.1815862177554485867859 
2.1875 18.1815862177554485867859 
2.1875 17.7927931088777242507604 

0 18.1815862177554485867859 
0 17.4039999999999999147349 
1.25 17.4039999999999999147349 
1.25 18.1815862177554485867859 
0 18.1815862177554485867859 

1.25 18.1815862177554485867859 
1.25 17.4039999999999999147349 
1.875 17.4039999999999999147349 
1.875 18.1815862177554485867859 
1.25 18.1815862177554485867859 

1.875 17.4039999999999999147349 
2.5 17.4039999999999999147349 
2.5 17.7927931088777242507604 
1.875 17.7927931088777242507604 
1.875 17.4039999999999999147349 

1.875 18.1815862177554485867859 
1.875 17.7927931088777242507604 
2.1875 17.7927931088777242507604 
2.1875 18.1815862177554485867859 
1.875 18.1815862177554485867859 

1.875 19.136189663316585551911 
1.875 18.6588879405360152929916 
2.1875 18.6588879405360152929916 
2.1875 19.136189663316585551911 
1.875 19.136189663316585551911 

1.5625 19.6134913860971558108304 
1.875 19.6134913860971558108304 
1.875 20.0907931088777225170361 
1.5625 20.0907931088777225170361 
1.5625 19.6134913860971558108304 

1.5625 19.136189663316585551911 
1.875 19.136189663316585551911 
1.875 19.6134913860971558108304 
1.5625 19.6134913860971558108304 
1.5625 19.136189663316585551911 

1.25 19.6134913860971558108304 
1.25 19.136189663316585551911 
1.5625 19.136189663316585551911 
1.5625 19.6134913860971558108304 
1.25 19.6134913860971558108304 

2.1875 19.136189663316585551911 
2.5 19.136189663316585551911 
2.5 19.6134913860971558108304 
2.1875 19.6134913860971558108304 
2.1875 19.136189663316585551911 

1.875 19.6134913860971558108304 
1.875 19.136189663316585551911 
2.1875 19.136189663316585551911 
2.1875 19.6134913860971558108304 
1.875 19.6134913860971558108304 

1.875 20.0907931088777225170361 
1.875 19.6134913860971558108304 
2.1875 19.6134913860971558108304 
2.1875 20.0907931088777225170361 
1.875 20.0907931088777225170361 

1.25 20.0907931088777225170361 
1.25 19.6134913860971558108304 
1.5625 19.6134913860971558108304 
1.5625 20.0907931088777225170361 
1.25 20.0907931088777225170361 

0 22 
0 20.0907931088777225170361 
1.25 20.0907931088777225170361 
1.25 22 
0 22 

2.1875 20.5680948316582927759555 
2.5 20.5680948316582927759555 
2.5 21.0453965544388594821612 
2.1875 21.0453965544388594821612 
2.1875 20.5680948316582927759555 

1.25 21.0453965544388594821612 
1.25 20.5680948316582927759555 
1.875 20.5680948316582927759555 
1.875 21.0453965544388594821612 
1.25 21.0453965544388594821612 

1.5625 20.0907931088777225170361 
1.875 20.0907931088777225170361 
1.875 20.5680948316582927759555 
1.5625 20.5680948316582927759555 
1.5625 20.0907931088777225170361 

1.25 20.5680948316582927759555 
1.25 20.0907931088777225170361 
1.5625 20.0907931088777225170361 
1.5625 20.5680948316582927759555 
1.25 20.5680948316582927759555 

2.1875 20.0907931088777225170361 
2.5 20.0907931088777225170361 
2.5 20.5680948316582927759555 
2.1875 20.5680948316582927759555 
2.1875 20.0907931088777225170361 

1.875 20.5680948316582927759555 
1.875 20.0907931088777225170361 
2.1875 20.0907931088777225170361 
2.1875 20.5680948316582927759555 
1.875 20.5680948316582927759555 

4.6875 19.6134913860971558108304 
5 19.6134913860971558108304 
5 20.0907931088777225170361 
4.6875 20.0907931088777225170361 
4.6875 19.6134913860971558108304 

3.4375 19.6134913860971558108304 
3.75 19.6134913860971558108304 
3.75 20.0907931088777225170361 
3.4375 20.0907931088777225170361 
3.4375 19.6134913860971558108304 

3.4375 18.6588879405360152929916 
3.75 18.6588879405360152929916 
3.75 19.136189663316585551911 
3.4375 19.136189663316585551911 
3.4375 18.6588879405360152929916 

2.8125 19.6134913860971558108304 
3.125 19.6134913860971558108304 
3.125 20.0907931088777225170361 
2.8125 20.0907931088777225170361 
2.8125 19.6134913860971558108304 

2.8125 19.136189663316585551911 
3.125 19.136189663316585551911 
3.125 19.6134913860971558108304 
2.8125 19.6134913860971558108304 
2.8125 19.136189663316585551911 

2.5 19.6134913860971558108304 
2.5 19.136189663316585551911 
2.8125 19.136189663316585551911 
2.8125 19.6134913860971558108304 
2.5 19.6134913860971558108304 

2.5 20.0907931088777225170361 
2.5 19.6134913860971558108304 
2.8125 19.6134913860971558108304 
2.8125 20.0907931088777225170361 
2.5 20.0907931088777225170361 

3.4375 21.5226982772194297410806 
3.75 21.5226982772194297410806 
3.75 22 
3.4375 22 
3.4375 21.5226982772194297410806 

3.4375 20.5680948316582927759555 
3.75 20.5680948316582927759555 
3.75 21.0453965544388594821612 
3.4375 21.0453965544388594821612 
3.4375 20.5680948316582927759555 

2.8125 20.5680948316582927759555 
3.125 20.5680948316582927759555 
3.125 21.0453965544388594821612 
2.8125 21.0453965544388594821612 
2.8125 20.5680948316582927759555 

2.8125 20.0907931088777225170361 
3.125 20.0907931088777225170361 
3.125 20.5680948316582927759555 
2.8125 20.5680948316582927759555 
2.8125 20.0907931088777225170361 

2.5 20.5680948316582927759555 
2.5 20.0907931088777225170361 
2.8125 20.0907931088777225170361 
2.8125 20.5680948316582927759555 
2.5 20.5680948316582927759555 

1.875 21.0453965544388594821612 
1.875 20.5680948316582927759555 
2.1875 20.5680948316582927759555 
2.1875 21.0453965544388594821612 
1.875 21.0453965544388594821612 

2.5 21.0453965544388594821612 
2.5 20.5680948316582927759555 
2.8125 20.5680948316582927759555 
2.8125 21.0453965544388594821612 
2.5 21.0453965544388594821612 

2.1875 20.8724999999999987210231 
2.5 20.8724999999999987210231 
2.5 21.4469999999999991757704 
2.1875 21.4469999999999991757704 
2.1875 20.8724999999999987210231 

1.25 21.4469999999999991757704 
1.25 20.2979999999999982662757 
1.875 20.2979999999999982662757 
1.875 21.4469999999999991757704 
1.25 21.4469999999999991757704 

2.1875 20.2979999999999982662757 
2.5 20.2979999999999982662757 
2.5 20.8724999999999987210231 
2.1875 20.8724999999999987210231 
2.1875 20.2979999999999982662757 

1.875 21.4469999999999991757704 
1.875 20.8724999999999987210231 
2.1875 20.8724999999999987210231 
2.1875 21.4469999999999991757704 
1.875 21.4469999999999991757704 

1.25 22 
1.25 21.0453965544388594821612 
1.875 21.0453965544388594821612 
1.875 22 
1.25 22 

2.1875 21.0453965544388594821612 
2.5 21.0453965544388594821612 
2.5 21.5226982772194297410806 
2.1875 21.5226982772194297410806 
2.1875 21.0453965544388594821612 

1.875 21.5226982772194297410806 
1.875 21.0453965544388594821612 
2.1875 21.0453965544388594821612 
2.1875 21.5226982772194297410806 
1.875 21.5226982772194297410806 

4.6875 19.7234999999999978115284 
5 19.7234999999999978115284 
5 20.2979999999999982662757 
4.6875 20.2979999999999982662757 
4.6875 19.7234999999999978115284 

3.125 22.0214999999999996305178 
3.75 22.0214999999999996305178 
3.75 22.5959999999999965325514 
3.125 22.5959999999999965325514 
3.125 22.0214999999999996305178 

3.4375 20.8724999999999987210231 
3.75 20.8724999999999987210231 
3.75 21.4469999999999991757704 
3.4375 21.4469999999999991757704 
3.4375 20.8724999999999987210231 

2.8125 20.8724999999999987210231 
3.125 20.8724999999999987210231 
3.125 21.4469999999999991757704 
2.8125 21.4469999999999991757704 
2.8125 20.8724999999999987210231 

2.8125 20.2979999999999982662757 
3.125 20.2979999999999982662757 
3.125 20.8724999999999987210231 
2.8125 20.8724999999999987210231 
2.8125 20.2979999999999982662757 

2.5 21.4469999999999991757704 
2.5 20.8724999999999987210231 
2.8125 20.8724999999999987210231 
2.8125 21.4469999999999991757704 
2.5 21.4469999999999991757704 

2.8125 21.5226982772194297410806 
3.125 21.5226982772194297410806 
3.125 22 
2.8125 22 
2.8125 21.5226982772194297410806 

2.8125 21.0453965544388594821612 
3.125 21.0453965544388594821612 
3.125 21.5226982772194297410806 
2.8125 21.5226982772194297410806 
2.8125 21.0453965544388594821612 

2.5 21.5226982772194297410806 
2.5 21.0453965544388594821612 
2.8125 21.0453965544388594821612 
2.8125 21.5226982772194297410806 
2.5 21.5226982772194297410806 

1.25 22.5959999999999965325514 
1.25 21.4469999999999991757704 
1.875 21.4469999999999991757704 
1.875 22.5959999999999965325514 
1.25 22.5959999999999965325514 

2.1875 21.4469999999999991757704 
2.5 21.4469999999999991757704 
2.5 22.0214999999999996305178 
2.1875 22.0214999999999996305178 
2.1875 21.4469999999999991757704 

1.875 22.0214999999999996305178 
1.875 21.4469999999999991757704 
2.1875 21.4469999999999991757704 
2.1875 22.0214999999999996305178 
1.875 22.0214999999999996305178 

2.5 22.5959999999999965325514 
2.5 22.0214999999999996305178 
3.125 22.0214999999999996305178 
3.125 22.5959999999999965325514 
2.5 22.5959999999999965325514 

2.8125 21.4469999999999991757704 
3.125 21.4469999999999991757704 
3.125 22.0214999999999996305178 
2.8125 22.0214999999999996305178 
2.8125 21.4469999999999991757704 

2.5 22.0214999999999996305178 
2.5 21.4469999999999991757704 
2.8125 21.4469999999999991757704 
2.8125 22.0214999999999996305178 
2.5 22.0214999999999996305178 

1.875 22 
1.875 21.5226982772194297410806 
2.1875 21.5226982772194297410806 
2.1875 22 
1.875 22 

2.5 22 
2.5 21.5226982772194297410806 
2.8125 21.5226982772194297410806 
2.8125 22 
2.5 22 

3.4375 21.4469999999999991757704 
3.75 21.4469999999999991757704 
3.75 22.0214999999999996305178 
3.4375 22.0214999999999996305178 
3.4375 21.4469999999999991757704 

3.125 22.0214999999999996305178 
3.125 21.4469999999999991757704 
3.4375 21.4469999999999991757704 
3.4375 22.0214999999999996305178 
3.125 22.0214999999999996305178 

3.4375 20.2979999999999982662757 
3.75 20.2979999999999982662757 
3.75 20.8724999999999987210231 
3.4375 20.8724999999999987210231 
3.4375 20.2979999999999982662757 

3.125 21.4469999999999991757704 
3.125 20.8724999999999987210231 
3.4375 20.8724999999999987210231 
3.4375 21.4469999999999991757704 
3.125 21.4469999999999991757704 

3.4375 21.0453965544388594821612 
3.75 21.0453965544388594821612 
3.75 21.5226982772194297410806 
3.4375 21.5226982772194297410806 
3.4375 21.0453965544388594821612 

3.125 21.5226982772194297410806 
3.125 21.0453965544388594821612 
3.4375 21.0453965544388594821612 
3.4375 21.5226982772194297410806 
3.125 21.5226982772194297410806 

3.125 22 
3.125 21.5226982772194297410806 
3.4375 21.5226982772194297410806 
3.4375 22 
3.125 22 

1.875 20.8724999999999987210231 
1.875 20.2979999999999982662757 
2.1875 20.2979999999999982662757 
2.1875 20.8724999999999987210231 
1.875 20.8724999999999987210231 

2.5 20.8724999999999987210231 
2.5 20.2979999999999982662757 
2.8125 20.2979999999999982662757 
2.8125 20.8724999999999987210231 
2.5 20.8724999999999987210231 

1.875 19.148999999999997356781 
2.5 19.148999999999997356781 
2.5 19.7234999999999978115284 
1.875 19.7234999999999978115284 
1.875 19.148999999999997356781 

1.875 20.2979999999999982662757 
1.875 19.7234999999999978115284 
2.1875 19.7234999999999978115284 
2.1875 20.2979999999999982662757 
1.875 20.2979999999999982662757 

3.4375 19.7234999999999978115284 
3.75 19.7234999999999978115284 
3.75 20.2979999999999982662757 
3.4375 20.2979999999999982662757 
3.4375 19.7234999999999978115284 

3.4375 18.5744999999999969020337 
3.75 18.5744999999999969020337 
3.75 19.148999999999997356781 
3.4375 19.148999999999997356781 
3.4375 18.5744999999999969020337 

2.8125 19.7234999999999978115284 
3.125 19.7234999999999978115284 
3.125 20.2979999999999982662757 
2.8125 20.2979999999999982662757 
2.8125 19.7234999999999978115284 

2.8125 19.148999999999997356781 
3.125 19.148999999999997356781 
3.125 19.7234999999999978115284 
2.8125 19.7234999999999978115284 
2.8125 19.148999999999997356781 

2.5 20.2979999999999982662757 
2.5 19.7234999999999978115284 
2.8125 19.7234999999999978115284 
2.8125 20.2979999999999982662757 
2.5 20.2979999999999982662757 

3.125 20.8724999999999987210231 
3.125 20.2979999999999982662757 
3.4375 20.2979999999999982662757 
3.4375 20.8724999999999987210231 
3.125 20.8724999999999987210231 

3.4375 19.148999999999997356781 
3.75 19.148999999999997356781 
3.75 19.7234999999999978115284 
3.4375 19.7234999999999978115284 
3.4375 19.148999999999997356781 

3.125 20.2979999999999982662757 
3.125 19.7234999999999978115284 
3.4375 19.7234999999999978115284 
3.4375 20.2979999999999982662757 
3.125 20.2979999999999982662757 

2.5 19.7234999999999978115284 
2.5 19.148999999999997356781 
2.8125 19.148999999999997356781 
2.8125 19.7234999999999978115284 
2.5 19.7234999999999978115284 

4.6875 20.8724999999999987210231 
5 20.8724999999999987210231 
5 21.4469999999999991757704 
4.6875 21.4469999999999991757704 
4.6875 20.8724999999999987210231 

4.0625 20.8724999999999987210231 
4.375 20.8724999999999987210231 
4.375 21.4469999999999991757704 
4.0625 21.4469999999999991757704 
4.0625 20.8724999999999987210231 

4.0625 20.2979999999999982662757 
4.375 20.2979999999999982662757 
4.375 20.8724999999999987210231 
4.0625 20.8724999999999987210231 
4.0625 20.2979999999999982662757 

3.75 20.8724999999999987210231 
3.75 20.2979999999999982662757 
4.0625 20.2979999999999982662757 
4.0625 20.8724999999999987210231 
3.75 20.8724999999999987210231 

3.75 21.4469999999999991757704 
3.75 20.8724999999999987210231 
4.0625 20.8724999999999987210231 
4.0625 21.4469999999999991757704 
3.75 21.4469999999999991757704 

4.6875 18.5744999999999969020337 
5 18.5744999999999969020337 
5 19.148999999999997356781 
4.6875 19.148999999999997356781 
4.6875 18.5744999999999969020337 

4.0625 19.7234999999999978115284 
4.375 19.7234999999999978115284 
4.375 20.2979999999999982662757 
4.0625 20.2979999999999982662757 
4.0625 19.7234999999999978115284 

4.0625 19.148999999999997356781 
4.375 19.148999999999997356781 
4.375 19.7234999999999978115284 
4.0625 19.7234999999999978115284 
4.0625 19.148999999999997356781 

3.75 20.2979999999999982662757 
3.75 19.7234999999999978115284 
4.0625 19.7234999999999978115284 
4.0625 20.2979999999999982662757 
3.75 20.2979999999999982662757 

3.125 19.7234999999999978115284 
3.125 19.148999999999997356781 
3.4375 19.148999999999997356781 
3.4375 19.7234999999999978115284 
3.125 19.7234999999999978115284 

2.8125 18.5744999999999969020337 
3.125 18.5744999999999969020337 
3.125 19.148999999999997356781 
2.8125 19.148999999999997356781 
2.8125 18.5744999999999969020337 

2.5 18.5744999999999969020337 
2.5 18 
3.125 18 
3.125 18.5744999999999969020337 
2.5 18.5744999999999969020337 

2.5 19.148999999999997356781 
2.5 18.5744999999999969020337 
2.8125 18.5744999999999969020337 
2.8125 19.148999999999997356781 
2.5 19.148999999999997356781 

3.4375 18 
3.75 18 
3.75 18.5744999999999969020337 
3.4375 18.5744999999999969020337 
3.4375 18 

3.125 19.148999999999997356781 
3.125 18.5744999999999969020337 
3.4375 18.5744999999999969020337 
3.4375 19.148999999999997356781 
3.125 19.148999999999997356781 

3.75 19.7234999999999978115284 
3.75 19.148999999999997356781 
4.0625 19.148999999999997356781 
4.0625 19.7234999999999978115284 
3.75 19.7234999999999978115284 

4.0625 18.5744999999999969020337 
4.375 18.5744999999999969020337 
4.375 19.148999999999997356781 
4.0625 19.148999999999997356781 
4.0625 18.5744999999999969020337 

4.0625 18 
4.375 18 
4.375 18.5744999999999969020337 
4.0625 18.5744999999999969020337 
4.0625 18 

3.75 19.148999999999997356781 
3.75 18.5744999999999969020337 
4.0625 18.5744999999999969020337 
4.0625 19.148999999999997356781 
3.75 19.148999999999997356781 

2.8125 18.6588879405360152929916 
3.125 18.6588879405360152929916 
3.125 19.136189663316585551911 
2.8125 19.136189663316585551911 
2.8125 18.6588879405360152929916 

2.5 18.6588879405360152929916 
2.5 18.1815862177554485867859 
3.125 18.1815862177554485867859 
3.125 18.6588879405360152929916 
2.5 18.6588879405360152929916 

2.5 19.136189663316585551911 
2.5 18.6588879405360152929916 
2.8125 18.6588879405360152929916 
2.8125 19.136189663316585551911 
2.5 19.136189663316585551911 

3.4375 18.1815862177554485867859 
3.75 18.1815862177554485867859 
3.75 18.6588879405360152929916 
3.4375 18.6588879405360152929916 
3.4375 18.1815862177554485867859 

3.125 19.136189663316585551911 
3.125 18.6588879405360152929916 
3.4375 18.6588879405360152929916 
3.4375 19.136189663316585551911 
3.125 19.136189663316585551911 

3.125 18.5744999999999969020337 
3.125 18 
3.4375 18 
3.4375 18.5744999999999969020337 
3.125 18.5744999999999969020337 

3.125 18.6588879405360152929916 
3.125 18.1815862177554485867859 
3.4375 18.1815862177554485867859 
3.4375 18.6588879405360152929916 
3.125 18.6588879405360152929916 

4.6875 18.6588879405360152929916 
5 18.6588879405360152929916 
5 19.136189663316585551911 
4.6875 19.136189663316585551911 
4.6875 18.6588879405360152929916 

4.0625 18.6588879405360152929916 
4.375 18.6588879405360152929916 
4.375 19.136189663316585551911 
4.0625 19.136189663316585551911 
4.0625 18.6588879405360152929916 

4.0625 18.1815862177554485867859 
4.375 18.1815862177554485867859 
4.375 18.6588879405360152929916 
4.0625 18.6588879405360152929916 
4.0625 18.1815862177554485867859 

3.75 19.136189663316585551911 
3.75 18.6588879405360152929916 
4.0625 18.6588879405360152929916 
4.0625 19.136189663316585551911 
3.75 19.136189663316585551911 

3.75 18.5744999999999969020337 
3.75 18 
4.0625 18 
4.0625 18.5744999999999969020337 
3.75 18.5744999999999969020337 

3.75 18.6588879405360152929916 
3.75 18.1815862177554485867859 
4.0625 18.1815862177554485867859 
4.0625 18.6588879405360152929916 
3.75 18.6588879405360152929916 

3.4375 17.7927931088777242507604 
3.75 17.7927931088777242507604 
3.75 18.1815862177554485867859 
3.4375 18.1815862177554485867859 
3.4375 17.7927931088777242507604 

2.5 18.1815862177554485867859 
2.5 17.4039999999999999147349 
3.125 17.4039999999999999147349 
3.125 18.1815862177554485867859 
2.5 18.1815862177554485867859 

3.125 17.4039999999999999147349 
3.75 17.4039999999999999147349 
3.75 17.7927931088777242507604 
3.125 17.7927931088777242507604 
3.125 17.4039999999999999147349 

3.125 18.1815862177554485867859 
3.125 17.7927931088777242507604 
3.4375 17.7927931088777242507604 
3.4375 18.1815862177554485867859 
3.125 18.1815862177554485867859 

4.0625 17.7927931088777242507604 
4.375 17.7927931088777242507604 
4.375 18.1815862177554485867859 
4.0625 18.1815862177554485867859 
4.0625 17.7927931088777242507604 

3.75 17.7927931088777242507604 
3.75 17.4039999999999999147349 
4.375 17.4039999999999999147349 
4.375 17.7927931088777242507604 
3.75 17.7927931088777242507604 

3.75 18.1815862177554485867859 
3.75 17.7927931088777242507604 
4.0625 17.7927931088777242507604 
4.0625 18.1815862177554485867859 
3.75 18.1815862177554485867859 

4.6875 19.148999999999997356781 
5 19.148999999999997356781 
5 19.7234999999999978115284 
4.6875 19.7234999999999978115284 
4.6875 19.148999999999997356781 

4.375 19.7234999999999978115284 
4.375 19.148999999999997356781 
4.6875 19.148999999999997356781 
4.6875 19.7234999999999978115284 
4.375 19.7234999999999978115284 

4.375 20.2979999999999982662757 
4.375 19.7234999999999978115284 
4.6875 19.7234999999999978115284 
4.6875 20.2979999999999982662757 
4.375 20.2979999999999982662757 

4.6875 18 
5 18 
5 18.5744999999999969020337 
4.6875 18.5744999999999969020337 
4.6875 18 

4.375 19.148999999999997356781 
4.375 18.5744999999999969020337 
4.6875 18.5744999999999969020337 
4.6875 19.148999999999997356781 
4.375 19.148999999999997356781 

4.6875 18.1815862177554485867859 
5 18.1815862177554485867859 
5 18.6588879405360152929916 
4.6875 18.6588879405360152929916 
4.6875 18.1815862177554485867859 

4.375 19.136189663316585551911 
4.375 18.6588879405360152929916 
4.6875 18.6588879405360152929916 
4.6875 19.136189663316585551911 
4.375 19.136189663316585551911 

4.375 18.5744999999999969020337 
4.375 18 
4.6875 18 
4.6875 18.5744999999999969020337 
4.375 18.5744999999999969020337 

4.375 18.6588879405360152929916 
4.375 18.1815862177554485867859 
4.6875 18.1815862177554485867859 
4.6875 18.6588879405360152929916 
4.375 18.6588879405360152929916 

4.375 17.4039999999999999147349 
5 17.4039999999999999147349 
5 17.7927931088777242507604 
4.375 17.7927931088777242507604 
4.375 17.4039999999999999147349 

4.375 18.1815862177554485867859 
4.375 17.7927931088777242507604 
4.6875 17.7927931088777242507604 
4.6875 18.1815862177554485867859 
4.375 18.1815862177554485867859 

3.4375 19.136189663316585551911 
3.75 19.136189663316585551911 
3.75 19.6134913860971558108304 
3.4375 19.6134913860971558108304 
3.4375 19.136189663316585551911 

3.125 19.6134913860971558108304 
3.125 19.136189663316585551911 
3.4375 19.136189663316585551911 
3.4375 19.6134913860971558108304 
3.125 19.6134913860971558108304 

4.0625 19.6134913860971558108304 
4.375 19.6134913860971558108304 
4.375 20.0907931088777225170361 
4.0625 20.0907931088777225170361 
4.0625 19.6134913860971558108304 

4.0625 19.136189663316585551911 
4.375 19.136189663316585551911 
4.375 19.6134913860971558108304 
4.0625 19.6134913860971558108304 
4.0625 19.136189663316585551911 

3.75 19.6134913860971558108304 
3.75 19.136189663316585551911 
4.0625 19.136189663316585551911 
4.0625 19.6134913860971558108304 
3.75 19.6134913860971558108304 

3.125 20.0907931088777225170361 
3.125 19.6134913860971558108304 
3.4375 19.6134913860971558108304 
3.4375 20.0907931088777225170361 
3.125 20.0907931088777225170361 

3.75 20.0907931088777225170361 
3.75 19.6134913860971558108304 
4.0625 19.6134913860971558108304 
4.0625 20.0907931088777225170361 
3.75 20.0907931088777225170361 

4.6875 20.5680948316582927759555 
5 20.5680948316582927759555 
5 21.0453965544388594821612 
4.6875 21.0453965544388594821612 
4.6875 20.5680948316582927759555 

4.0625 20.5680948316582927759555 
4.375 20.5680948316582927759555 
4.375 21.0453965544388594821612 
4.0625 21.0453965544388594821612 
4.0625 20.5680948316582927759555 

4.0625 20.0907931088777225170361 
4.375 20.0907931088777225170361 
4.375 20.5680948316582927759555 
4.0625 20.5680948316582927759555 
4.0625 20.0907931088777225170361 

3.75 20.5680948316582927759555 
3.75 20.0907931088777225170361 
4.0625 20.0907931088777225170361 
4.0625 20.5680948316582927759555 
3.75 20.5680948316582927759555 

3.4375 20.0907931088777225170361 
3.75 20.0907931088777225170361 
3.75 20.5680948316582927759555 
3.4375 20.5680948316582927759555 
3.4375 20.0907931088777225170361 

3.125 20.5680948316582927759555 
3.125 20.0907931088777225170361 
3.4375 20.0907931088777225170361 
3.4375 20.5680948316582927759555 
3.125 20.5680948316582927759555 

4.6875 19.136189663316585551911 
5 19.136189663316585551911 
5 19.6134913860971558108304 
4.6875 19.6134913860971558108304 
4.6875 19.136189663316585551911 

4.375 19.6134913860971558108304 
4.375 19.136189663316585551911 
4.6875 19.136189663316585551911 
4.6875 19.6134913860971558108304 
4.375 19.6134913860971558108304 

4.375 20.0907931088777225170361 
4.375 19.6134913860971558108304 
4.6875 19.6134913860971558108304 
4.6875 20.0907931088777225170361 
4.375 20.0907931088777225170361 

4.6875 20.0907931088777225170361 
5 20.0907931088777225170361 
5 20.5680948316582927759555 
4.6875 20.5680948316582927759555 
4.6875 20.0907931088777225170361 

4.375 20.5680948316582927759555 
4.375 20.0907931088777225170361 
4.6875 20.0907931088777225170361 
4.6875 20.5680948316582927759555 
4.375 20.5680948316582927759555 

3.75 21.0453965544388594821612 
3.75 20.5680948316582927759555 
4.0625 20.5680948316582927759555 
4.0625 21.0453965544388594821612 
3.75 21.0453965544388594821612 

3.125 21.0453965544388594821612 
3.125 20.5680948316582927759555 
3.4375 20.5680948316582927759555 
3.4375 21.0453965544388594821612 
3.125 21.0453965544388594821612 

4.375 21.0453965544388594821612 
4.375 20.5680948316582927759555 
4.6875 20.5680948316582927759555 
4.6875 21.0453965544388594821612 
4.375 21.0453965544388594821612 

4.0625 21.5226982772194297410806 
4.375 21.5226982772194297410806 
4.375 22 
4.0625 22 
4.0625 21.5226982772194297410806 

4.0625 21.0453965544388594821612 
4.375 21.0453965544388594821612 
4.375 21.5226982772194297410806 
4.0625 21.5226982772194297410806 
4.0625 21.0453965544388594821612 

3.75 21.5226982772194297410806 
3.75 21.0453965544388594821612 
4.0625 21.0453965544388594821612 
4.0625 21.5226982772194297410806 
3.75 21.5226982772194297410806 

4.6875 20.2979999999999982662757 
5 20.2979999999999982662757 
5 20.8724999999999987210231 
4.6875 20.8724999999999987210231 
4.6875 20.2979999999999982662757 

4.375 21.4469999999999991757704 
4.375 20.8724999999999987210231 
4.6875 20.8724999999999987210231 
4.6875 21.4469999999999991757704 
4.375 21.4469999999999991757704 

4.6875 21.0453965544388594821612 
5 21.0453965544388594821612 
5 21.5226982772194297410806 
4.6875 21.5226982772194297410806 
4.6875 21.0453965544388594821612 

4.375 21.5226982772194297410806 
4.375 21.0453965544388594821612 
4.6875 21.0453965544388594821612 
4.6875 21.5226982772194297410806 
4.375 21.5226982772194297410806 

3.75 22.5959999999999965325514 
3.75 22.0214999999999996305178 
4.375 22.0214999999999996305178 
4.375 22.5959999999999965325514 
3.75 22.5959999999999965325514 

4.0625 21.4469999999999991757704 
4.375 21.4469999999999991757704 
4.375 22.0214999999999996305178 
4.0625 22.0214999999999996305178 
4.0625 21.4469999999999991757704 

3.75 22.0214999999999996305178 
3.75 21.4469999999999991757704 
4.0625 21.4469999999999991757704 
4.0625 22.0214999999999996305178 
3.75 22.0214999999999996305178 

4.6875 21.4469999999999991757704 
5 21.4469999999999991757704 
5 22.0214999999999996305178 
4.6875 22.0214999999999996305178 
4.6875 21.4469999999999991757704 

4.375 22.0214999999999996305178 
4.375 21.4469999999999991757704 
4.6875 21.4469999999999991757704 
4.6875 22.0214999999999996305178 
4.375 22.0214999999999996305178 

3.75 22 
3.75 21.5226982772194297410806 
4.0625 21.5226982772194297410806 
4.0625 22 
3.75 22 

4.375 20.8724999999999987210231 
4.375 20.2979999999999982662757 
4.6875 20.2979999999999982662757 
4.6875 20.8724999999999987210231 
4.375 20.8724999999999987210231 

4.375 22 
4.375 21.5226982772194297410806 
4.6875 21.5226982772194297410806 
4.6875 22 
4.375 22 

